HMMER3/f [3.3.2 | Nov 2020]
NAME  athaliana_200
LENG  401
MAXL  401
ALPH  DNA 
RF    no
MM    no
CONS  yes
CS    no
MAP   yes
DATE  Tue Oct 15 12:24:13 2024
NSEQ  22703
EFFN  22703.000000
CKSUM 1846824365
STATS LOCAL MSV      -17.1419  0.75091
STATS LOCAL VITERBI  -18.1283  0.75091
STATS LOCAL FORWARD   -3.4249  0.75091
HMM          A        C        G        T   
            m->m     m->i     m->d     i->m     i->i     d->m     d->d
  COMPO   1.17559  1.57680  1.77665  1.15353
          1.38629  1.38629  1.38629  1.38629
          0.00001 12.33293 12.33293  1.46634  0.26236  0.00000        *
      1   1.04770  1.82003  1.86758  1.10040      1 a - - -
          1.38629  1.38629  1.38629  1.38629
          0.00001 12.33293 12.33293  1.46634  0.26236  1.09861  0.40547
      2   1.04775  1.80786  1.86214  1.10887      2 a - - -
          1.38629  1.38629  1.38629  1.38629
          0.00001 12.33293 12.33293  1.46634  0.26236  1.09861  0.40547
      3   1.04456  1.83753  1.87052  1.09393      3 a - - -
          1.38629  1.38629  1.38629  1.38629
          0.00001 12.33293 12.33293  1.46634  0.26236  1.09861  0.40547
      4   1.02642  1.81076  1.88561  1.11948      4 a - - -
          1.38629  1.38629  1.38629  1.38629
          0.00001 12.33293 12.33293  1.46634  0.26236  1.09861  0.40547
      5   1.02609  1.82747  1.89150  1.10888      5 a - - -
          1.38629  1.38629  1.38629  1.38629
          0.00001 12.33293 12.33293  1.46634  0.26236  1.09861  0.40547
      6   1.03747  1.77932  1.86697  1.13225      6 a - - -
          1.38629  1.38629  1.38629  1.38629
          0.00001 12.33293 12.33293  1.46634  0.26236  1.09861  0.40547
      7   1.05227  1.82662  1.86076  1.09559      7 a - - -
          1.38629  1.38629  1.38629  1.38629
          0.00001 12.33293 12.33293  1.46634  0.26236  1.09861  0.40547
      8   1.05330  1.81825  1.82225  1.11705      8 a - - -
          1.38629  1.38629  1.38629  1.38629
          0.00001 12.33293 12.33293  1.46634  0.26236  1.09861  0.40547
      9   1.03586  1.85262  1.84046  1.11015      9 a - - -
          1.38629  1.38629  1.38629  1.38629
          0.00001 12.33293 12.33293  1.46634  0.26236  1.09861  0.40547
     10   1.03797  1.81925  1.85352  1.11782     10 a - - -
          1.38629  1.38629  1.38629  1.38629
          0.00001 12.33293 12.33293  1.46634  0.26236  1.09861  0.40547
     11   1.04824  1.80714  1.83348  1.12249     11 a - - -
          1.38629  1.38629  1.38629  1.38629
          0.00001 12.33293 12.33293  1.46634  0.26236  1.09861  0.40547
     12   1.04127  1.79854  1.88394  1.11029     12 a - - -
          1.38629  1.38629  1.38629  1.38629
          0.00001 12.33293 12.33293  1.46634  0.26236  1.09861  0.40547
     13   1.02699  1.83498  1.86177  1.11809     13 a - - -
          1.38629  1.38629  1.38629  1.38629
          0.00001 12.33293 12.33293  1.46634  0.26236  1.09861  0.40547
     14   1.04141  1.80519  1.85671  1.11958     14 a - - -
          1.38629  1.38629  1.38629  1.38629
          0.00001 12.33293 12.33293  1.46634  0.26236  1.09861  0.40547
     15   1.03760  1.80785  1.85646  1.12250     15 a - - -
          1.38629  1.38629  1.38629  1.38629
          0.00001 12.33293 12.33293  1.46634  0.26236  1.09861  0.40547
     16   1.03980  1.80732  1.87473  1.11174     16 a - - -
          1.38629  1.38629  1.38629  1.38629
          0.00001 12.33293 12.33293  1.46634  0.26236  1.09861  0.40547
     17   1.04862  1.83469  1.82552  1.11236     17 a - - -
          1.38629  1.38629  1.38629  1.38629
          0.00001 12.33293 12.33293  1.46634  0.26236  1.09861  0.40547
     18   1.02985  1.83825  1.83853  1.12456     18 a - - -
          1.38629  1.38629  1.38629  1.38629
          0.00001 12.33293 12.33293  1.46634  0.26236  1.09861  0.40547
     19   1.02773  1.83754  1.85238  1.12052     19 a - - -
          1.38629  1.38629  1.38629  1.38629
          0.00001 12.33293 12.33293  1.46634  0.26236  1.09861  0.40547
     20   1.05317  1.80693  1.83779  1.11522     20 a - - -
          1.38629  1.38629  1.38629  1.38629
          0.00001 12.33293 12.33293  1.46634  0.26236  1.09861  0.40547
     21   1.03996  1.83448  1.87166  1.09972     21 a - - -
          1.38629  1.38629  1.38629  1.38629
          0.00001 12.33293 12.33293  1.46634  0.26236  1.09861  0.40547
     22   1.04447  1.81142  1.85824  1.11245     22 a - - -
          1.38629  1.38629  1.38629  1.38629
          0.00001 12.33293 12.33293  1.46634  0.26236  1.09861  0.40547
     23   1.03575  1.83814  1.86415  1.10594     23 a - - -
          1.38629  1.38629  1.38629  1.38629
          0.00001 12.33293 12.33293  1.46634  0.26236  1.09861  0.40547
     24   1.03198  1.82791  1.86063  1.11665     24 a - - -
          1.38629  1.38629  1.38629  1.38629
          0.00001 12.33293 12.33293  1.46634  0.26236  1.09861  0.40547
     25   1.02318  1.83064  1.83175  1.13910     25 a - - -
          1.38629  1.38629  1.38629  1.38629
          0.00001 12.33293 12.33293  1.46634  0.26236  1.09861  0.40547
     26   1.03014  1.82010  1.84355  1.13078     26 a - - -
          1.38629  1.38629  1.38629  1.38629
          0.00001 12.33293 12.33293  1.46634  0.26236  1.09861  0.40547
     27   1.02951  1.80488  1.87307  1.12494     27 a - - -
          1.38629  1.38629  1.38629  1.38629
          0.00001 12.33293 12.33293  1.46634  0.26236  1.09861  0.40547
     28   1.03522  1.81631  1.87622  1.11151     28 a - - -
          1.38629  1.38629  1.38629  1.38629
          0.00001 12.33293 12.33293  1.46634  0.26236  1.09861  0.40547
     29   1.04627  1.81393  1.84759  1.11436     29 a - - -
          1.38629  1.38629  1.38629  1.38629
          0.00001 12.33293 12.33293  1.46634  0.26236  1.09861  0.40547
     30   1.03354  1.81428  1.83691  1.13323     30 a - - -
          1.38629  1.38629  1.38629  1.38629
          0.00001 12.33293 12.33293  1.46634  0.26236  1.09861  0.40547
     31   1.04594  1.83557  1.83671  1.10934     31 a - - -
          1.38629  1.38629  1.38629  1.38629
          0.00001 12.33293 12.33293  1.46634  0.26236  1.09861  0.40547
     32   1.04253  1.81555  1.85902  1.11211     32 a - - -
          1.38629  1.38629  1.38629  1.38629
          0.00001 12.33293 12.33293  1.46634  0.26236  1.09861  0.40547
     33   1.04058  1.81770  1.83427  1.12510     33 a - - -
          1.38629  1.38629  1.38629  1.38629
          0.00001 12.33293 12.33293  1.46634  0.26236  1.09861  0.40547
     34   1.05078  1.78474  1.84667  1.12476     34 a - - -
          1.38629  1.38629  1.38629  1.38629
          0.00001 12.33293 12.33293  1.46634  0.26236  1.09861  0.40547
     35   1.06045  1.81651  1.83938  1.10204     35 a - - -
          1.38629  1.38629  1.38629  1.38629
          0.00001 12.33293 12.33293  1.46634  0.26236  1.09861  0.40547
     36   1.05086  1.79389  1.85462  1.11614     36 a - - -
          1.38629  1.38629  1.38629  1.38629
          0.00001 12.33293 12.33293  1.46634  0.26236  1.09861  0.40547
     37   1.04844  1.81619  1.82983  1.11954     37 a - - -
          1.38629  1.38629  1.38629  1.38629
          0.00001 12.33293 12.33293  1.46634  0.26236  1.09861  0.40547
     38   1.04257  1.80455  1.85892  1.11760     38 a - - -
          1.38629  1.38629  1.38629  1.38629
          0.00001 12.33293 12.33293  1.46634  0.26236  1.09861  0.40547
     39   1.03289  1.80405  1.86420  1.12587     39 a - - -
          1.38629  1.38629  1.38629  1.38629
          0.00001 12.33293 12.33293  1.46634  0.26236  1.09861  0.40547
     40   1.04367  1.78637  1.86109  1.12463     40 a - - -
          1.38629  1.38629  1.38629  1.38629
          0.00001 12.33293 12.33293  1.46634  0.26236  1.09861  0.40547
     41   1.03534  1.80848  1.85429  1.12570     41 a - - -
          1.38629  1.38629  1.38629  1.38629
          0.00001 12.33293 12.33293  1.46634  0.26236  1.09861  0.40547
     42   1.04715  1.77460  1.86196  1.12657     42 a - - -
          1.38629  1.38629  1.38629  1.38629
          0.00001 12.33293 12.33293  1.46634  0.26236  1.09861  0.40547
     43   1.04200  1.75701  1.89058  1.12792     43 a - - -
          1.38629  1.38629  1.38629  1.38629
          0.00001 12.33293 12.33293  1.46634  0.26236  1.09861  0.40547
     44   1.03774  1.78526  1.84455  1.13976     44 a - - -
          1.38629  1.38629  1.38629  1.38629
          0.00001 12.33293 12.33293  1.46634  0.26236  1.09861  0.40547
     45   1.04020  1.80164  1.83271  1.13442     45 a - - -
          1.38629  1.38629  1.38629  1.38629
          0.00001 12.33293 12.33293  1.46634  0.26236  1.09861  0.40547
     46   1.03948  1.81252  1.83533  1.12837     46 a - - -
          1.38629  1.38629  1.38629  1.38629
          0.00001 12.33293 12.33293  1.46634  0.26236  1.09861  0.40547
     47   1.03959  1.78196  1.84321  1.14011     47 a - - -
          1.38629  1.38629  1.38629  1.38629
          0.00001 12.33293 12.33293  1.46634  0.26236  1.09861  0.40547
     48   1.03022  1.79224  1.86702  1.13351     48 a - - -
          1.38629  1.38629  1.38629  1.38629
          0.00001 12.33293 12.33293  1.46634  0.26236  1.09861  0.40547
     49   1.06171  1.78292  1.83331  1.12053     49 a - - -
          1.38629  1.38629  1.38629  1.38629
          0.00001 12.33293 12.33293  1.46634  0.26236  1.09861  0.40547
     50   1.05036  1.78399  1.85028  1.12384     50 a - - -
          1.38629  1.38629  1.38629  1.38629
          0.00001 12.33293 12.33293  1.46634  0.26236  1.09861  0.40547
     51   1.05261  1.76852  1.84969  1.12978     51 a - - -
          1.38629  1.38629  1.38629  1.38629
          0.00001 12.33293 12.33293  1.46634  0.26236  1.09861  0.40547
     52   1.03486  1.80614  1.85861  1.12532     52 a - - -
          1.38629  1.38629  1.38629  1.38629
          0.00001 12.33293 12.33293  1.46634  0.26236  1.09861  0.40547
     53   1.02275  1.78238  1.88279  1.13945     53 a - - -
          1.38629  1.38629  1.38629  1.38629
          0.00001 12.33293 12.33293  1.46634  0.26236  1.09861  0.40547
     54   1.04478  1.76240  1.85374  1.13960     54 a - - -
          1.38629  1.38629  1.38629  1.38629
          0.00001 12.33293 12.33293  1.46634  0.26236  1.09861  0.40547
     55   1.03905  1.77805  1.83944  1.14465     55 a - - -
          1.38629  1.38629  1.38629  1.38629
          0.00001 12.33293 12.33293  1.46634  0.26236  1.09861  0.40547
     56   1.04242  1.77464  1.85680  1.13418     56 a - - -
          1.38629  1.38629  1.38629  1.38629
          0.00001 12.33293 12.33293  1.46634  0.26236  1.09861  0.40547
     57   1.04811  1.77339  1.85957  1.12731     57 a - - -
          1.38629  1.38629  1.38629  1.38629
          0.00001 12.33293 12.33293  1.46634  0.26236  1.09861  0.40547
     58   1.04054  1.78095  1.84189  1.14024     58 a - - -
          1.38629  1.38629  1.38629  1.38629
          0.00001 12.33293 12.33293  1.46634  0.26236  1.09861  0.40547
     59   1.03321  1.74495  1.87880  1.14977     59 a - - -
          1.38629  1.38629  1.38629  1.38629
          0.00001 12.33293 12.33293  1.46634  0.26236  1.09861  0.40547
     60   1.04691  1.78009  1.81580  1.14681     60 a - - -
          1.38629  1.38629  1.38629  1.38629
          0.00001 12.33293 12.33293  1.46634  0.26236  1.09861  0.40547
     61   1.03806  1.79215  1.84368  1.13624     61 a - - -
          1.38629  1.38629  1.38629  1.38629
          0.00001 12.33293 12.33293  1.46634  0.26236  1.09861  0.40547
     62   1.03858  1.79432  1.84688  1.13298     62 a - - -
          1.38629  1.38629  1.38629  1.38629
          0.00001 12.33293 12.33293  1.46634  0.26236  1.09861  0.40547
     63   1.03420  1.78263  1.84513  1.14480     63 a - - -
          1.38629  1.38629  1.38629  1.38629
          0.00001 12.33293 12.33293  1.46634  0.26236  1.09861  0.40547
     64   1.04193  1.76262  1.84462  1.14713     64 a - - -
          1.38629  1.38629  1.38629  1.38629
          0.00001 12.33293 12.33293  1.46634  0.26236  1.09861  0.40547
     65   1.03951  1.79290  1.83634  1.13789     65 a - - -
          1.38629  1.38629  1.38629  1.38629
          0.00001 12.33293 12.33293  1.46634  0.26236  1.09861  0.40547
     66   1.04485  1.77498  1.84345  1.13788     66 a - - -
          1.38629  1.38629  1.38629  1.38629
          0.00001 12.33293 12.33293  1.46634  0.26236  1.09861  0.40547
     67   1.04652  1.77870  1.83104  1.14026     67 a - - -
          1.38629  1.38629  1.38629  1.38629
          0.00001 12.33293 12.33293  1.46634  0.26236  1.09861  0.40547
     68   1.03475  1.79566  1.82666  1.14660     68 a - - -
          1.38629  1.38629  1.38629  1.38629
          0.00001 12.33293 12.33293  1.46634  0.26236  1.09861  0.40547
     69   1.03723  1.79846  1.83732  1.13704     69 a - - -
          1.38629  1.38629  1.38629  1.38629
          0.00001 12.33293 12.33293  1.46634  0.26236  1.09861  0.40547
     70   1.03813  1.75658  1.83142  1.16135     70 a - - -
          1.38629  1.38629  1.38629  1.38629
          0.00001 12.33293 12.33293  1.46634  0.26236  1.09861  0.40547
     71   1.03893  1.78093  1.85568  1.13525     71 a - - -
          1.38629  1.38629  1.38629  1.38629
          0.00001 12.33293 12.33293  1.46634  0.26236  1.09861  0.40547
     72   1.05879  1.76975  1.84303  1.12574     72 a - - -
          1.38629  1.38629  1.38629  1.38629
          0.00001 12.33293 12.33293  1.46634  0.26236  1.09861  0.40547
     73   1.03783  1.78440  1.83541  1.14466     73 a - - -
          1.38629  1.38629  1.38629  1.38629
          0.00001 12.33293 12.33293  1.46634  0.26236  1.09861  0.40547
     74   1.03445  1.77992  1.85461  1.14128     74 a - - -
          1.38629  1.38629  1.38629  1.38629
          0.00001 12.33293 12.33293  1.46634  0.26236  1.09861  0.40547
     75   1.02444  1.78872  1.86988  1.14042     75 a - - -
          1.38629  1.38629  1.38629  1.38629
          0.00001 12.33293 12.33293  1.46634  0.26236  1.09861  0.40547
     76   1.03097  1.78849  1.85083  1.14251     76 a - - -
          1.38629  1.38629  1.38629  1.38629
          0.00001 12.33293 12.33293  1.46634  0.26236  1.09861  0.40547
     77   1.03026  1.79387  1.85131  1.14025     77 a - - -
          1.38629  1.38629  1.38629  1.38629
          0.00001 12.33293 12.33293  1.46634  0.26236  1.09861  0.40547
     78   1.03931  1.78289  1.84633  1.13839     78 a - - -
          1.38629  1.38629  1.38629  1.38629
          0.00001 12.33293 12.33293  1.46634  0.26236  1.09861  0.40547
     79   1.03436  1.76065  1.84232  1.15784     79 a - - -
          1.38629  1.38629  1.38629  1.38629
          0.00001 12.33293 12.33293  1.46634  0.26236  1.09861  0.40547
     80   1.04740  1.77381  1.84042  1.13720     80 a - - -
          1.38629  1.38629  1.38629  1.38629
          0.00001 12.33293 12.33293  1.46634  0.26236  1.09861  0.40547
     81   1.03179  1.79109  1.85091  1.14019     81 a - - -
          1.38629  1.38629  1.38629  1.38629
          0.00001 12.33293 12.33293  1.46634  0.26236  1.09861  0.40547
     82   1.04101  1.77494  1.84066  1.14352     82 a - - -
          1.38629  1.38629  1.38629  1.38629
          0.00001 12.33293 12.33293  1.46634  0.26236  1.09861  0.40547
     83   1.03178  1.74385  1.86935  1.15659     83 a - - -
          1.38629  1.38629  1.38629  1.38629
          0.00001 12.33293 12.33293  1.46634  0.26236  1.09861  0.40547
     84   1.03997  1.77329  1.85124  1.14032     84 a - - -
          1.38629  1.38629  1.38629  1.38629
          0.00001 12.33293 12.33293  1.46634  0.26236  1.09861  0.40547
     85   1.04029  1.76287  1.85759  1.14241     85 a - - -
          1.38629  1.38629  1.38629  1.38629
          0.00001 12.33293 12.33293  1.46634  0.26236  1.09861  0.40547
     86   1.05394  1.74771  1.83154  1.14854     86 a - - -
          1.38629  1.38629  1.38629  1.38629
          0.00001 12.33293 12.33293  1.46634  0.26236  1.09861  0.40547
     87   1.04148  1.75130  1.85976  1.14630     87 a - - -
          1.38629  1.38629  1.38629  1.38629
          0.00001 12.33293 12.33293  1.46634  0.26236  1.09861  0.40547
     88   1.03203  1.77943  1.86075  1.14123     88 a - - -
          1.38629  1.38629  1.38629  1.38629
          0.00001 12.33293 12.33293  1.46634  0.26236  1.09861  0.40547
     89   1.03590  1.77108  1.81704  1.16335     89 a - - -
          1.38629  1.38629  1.38629  1.38629
          0.00001 12.33293 12.33293  1.46634  0.26236  1.09861  0.40547
     90   1.04346  1.75203  1.83894  1.15405     90 a - - -
          1.38629  1.38629  1.38629  1.38629
          0.00001 12.33293 12.33293  1.46634  0.26236  1.09861  0.40547
     91   1.05339  1.75528  1.82204  1.14982     91 a - - -
          1.38629  1.38629  1.38629  1.38629
          0.00001 12.33293 12.33293  1.46634  0.26236  1.09861  0.40547
     92   1.03684  1.74780  1.85717  1.15469     92 a - - -
          1.38629  1.38629  1.38629  1.38629
          0.00001 12.33293 12.33293  1.46634  0.26236  1.09861  0.40547
     93   1.04923  1.73765  1.83000  1.16013     93 a - - -
          1.38629  1.38629  1.38629  1.38629
          0.00001 12.33293 12.33293  1.46634  0.26236  1.09861  0.40547
     94   1.01994  1.75373  1.87468  1.16203     94 a - - -
          1.38629  1.38629  1.38629  1.38629
          0.00001 12.33293 12.33293  1.46634  0.26236  1.09861  0.40547
     95   1.04623  1.73285  1.84389  1.15913     95 a - - -
          1.38629  1.38629  1.38629  1.38629
          0.00001 12.33293 12.33293  1.46634  0.26236  1.09861  0.40547
     96   1.05752  1.75050  1.82519  1.14630     96 a - - -
          1.38629  1.38629  1.38629  1.38629
          0.00001 12.33293 12.33293  1.46634  0.26236  1.09861  0.40547
     97   1.04562  1.73016  1.84233  1.16212     97 a - - -
          1.38629  1.38629  1.38629  1.38629
          0.00001 12.33293 12.33293  1.46634  0.26236  1.09861  0.40547
     98   1.04831  1.77715  1.83383  1.13772     98 a - - -
          1.38629  1.38629  1.38629  1.38629
          0.00001 12.33293 12.33293  1.46634  0.26236  1.09861  0.40547
     99   1.05866  1.73654  1.85370  1.13851     99 a - - -
          1.38629  1.38629  1.38629  1.38629
          0.00001 12.33293 12.33293  1.46634  0.26236  1.09861  0.40547
    100   1.05196  1.74613  1.84209  1.14629    100 a - - -
          1.38629  1.38629  1.38629  1.38629
          0.00001 12.33293 12.33293  1.46634  0.26236  1.09861  0.40547
    101   1.04965  1.74544  1.83549  1.15253    101 a - - -
          1.38629  1.38629  1.38629  1.38629
          0.00001 12.33293 12.33293  1.46634  0.26236  1.09861  0.40547
    102   1.04437  1.75577  1.83715  1.15188    102 a - - -
          1.38629  1.38629  1.38629  1.38629
          0.00001 12.33293 12.33293  1.46634  0.26236  1.09861  0.40547
    103   1.04810  1.73878  1.82314  1.16428    103 a - - -
          1.38629  1.38629  1.38629  1.38629
          0.00001 12.33293 12.33293  1.46634  0.26236  1.09861  0.40547
    104   1.04784  1.75263  1.81343  1.16189    104 a - - -
          1.38629  1.38629  1.38629  1.38629
          0.00001 12.33293 12.33293  1.46634  0.26236  1.09861  0.40547
    105   1.04278  1.75532  1.86518  1.14004    105 a - - -
          1.38629  1.38629  1.38629  1.38629
          0.00001 12.33293 12.33293  1.46634  0.26236  1.09861  0.40547
    106   1.06444  1.75625  1.80610  1.14541    106 a - - -
          1.38629  1.38629  1.38629  1.38629
          0.00001 12.33293 12.33293  1.46634  0.26236  1.09861  0.40547
    107   1.03650  1.78750  1.84361  1.14042    107 a - - -
          1.38629  1.38629  1.38629  1.38629
          0.00001 12.33293 12.33293  1.46634  0.26236  1.09861  0.40547
    108   1.05170  1.76818  1.81909  1.14621    108 a - - -
          1.38629  1.38629  1.38629  1.38629
          0.00001 12.33293 12.33293  1.46634  0.26236  1.09861  0.40547
    109   1.04879  1.73511  1.83861  1.15766    109 a - - -
          1.38629  1.38629  1.38629  1.38629
          0.00001 12.33293 12.33293  1.46634  0.26236  1.09861  0.40547
    110   1.04892  1.76498  1.82483  1.14807    110 a - - -
          1.38629  1.38629  1.38629  1.38629
          0.00001 12.33293 12.33293  1.46634  0.26236  1.09861  0.40547
    111   1.05208  1.72858  1.83054  1.16178    111 a - - -
          1.38629  1.38629  1.38629  1.38629
          0.00001 12.33293 12.33293  1.46634  0.26236  1.09861  0.40547
    112   1.06383  1.72328  1.84112  1.14650    112 a - - -
          1.38629  1.38629  1.38629  1.38629
          0.00001 12.33293 12.33293  1.46634  0.26236  1.09861  0.40547
    113   1.05364  1.71054  1.83767  1.16675    113 a - - -
          1.38629  1.38629  1.38629  1.38629
          0.00001 12.33293 12.33293  1.46634  0.26236  1.09861  0.40547
    114   1.03925  1.73109  1.85179  1.16401    114 a - - -
          1.38629  1.38629  1.38629  1.38629
          0.00001 12.33293 12.33293  1.46634  0.26236  1.09861  0.40547
    115   1.06098  1.71728  1.84839  1.14936    115 a - - -
          1.38629  1.38629  1.38629  1.38629
          0.00001 12.33293 12.33293  1.46634  0.26236  1.09861  0.40547
    116   1.05038  1.72237  1.82795  1.16858    116 a - - -
          1.38629  1.38629  1.38629  1.38629
          0.00001 12.33293 12.33293  1.46634  0.26236  1.09861  0.40547
    117   1.04940  1.72575  1.85568  1.15371    117 a - - -
          1.38629  1.38629  1.38629  1.38629
          0.00001 12.33293 12.33293  1.46634  0.26236  1.09861  0.40547
    118   1.06033  1.71673  1.85859  1.14535    118 a - - -
          1.38629  1.38629  1.38629  1.38629
          0.00001 12.33293 12.33293  1.46634  0.26236  1.09861  0.40547
    119   1.05039  1.72427  1.83869  1.16197    119 a - - -
          1.38629  1.38629  1.38629  1.38629
          0.00001 12.33293 12.33293  1.46634  0.26236  1.09861  0.40547
    120   1.05349  1.72700  1.85503  1.14880    120 a - - -
          1.38629  1.38629  1.38629  1.38629
          0.00001 12.33293 12.33293  1.46634  0.26236  1.09861  0.40547
    121   1.06117  1.70253  1.88292  1.14074    121 a - - -
          1.38629  1.38629  1.38629  1.38629
          0.00001 12.33293 12.33293  1.46634  0.26236  1.09861  0.40547
    122   1.05198  1.71445  1.84155  1.16437    122 a - - -
          1.38629  1.38629  1.38629  1.38629
          0.00001 12.33293 12.33293  1.46634  0.26236  1.09861  0.40547
    123   1.07012  1.71019  1.83607  1.14961    123 a - - -
          1.38629  1.38629  1.38629  1.38629
          0.00001 12.33293 12.33293  1.46634  0.26236  1.09861  0.40547
    124   1.07486  1.68843  1.83483  1.15771    124 a - - -
          1.38629  1.38629  1.38629  1.38629
          0.00001 12.33293 12.33293  1.46634  0.26236  1.09861  0.40547
    125   1.06338  1.68291  1.84224  1.16983    125 a - - -
          1.38629  1.38629  1.38629  1.38629
          0.00001 12.33293 12.33293  1.46634  0.26236  1.09861  0.40547
    126   1.06103  1.69231  1.83272  1.17173    126 a - - -
          1.38629  1.38629  1.38629  1.38629
          0.00001 12.33293 12.33293  1.46634  0.26236  1.09861  0.40547
    127   1.06021  1.70362  1.85329  1.15558    127 a - - -
          1.38629  1.38629  1.38629  1.38629
          0.00001 12.33293 12.33293  1.46634  0.26236  1.09861  0.40547
    128   1.05784  1.69382  1.84649  1.16735    128 a - - -
          1.38629  1.38629  1.38629  1.38629
          0.00001 12.33293 12.33293  1.46634  0.26236  1.09861  0.40547
    129   1.07480  1.69582  1.82654  1.15767    129 a - - -
          1.38629  1.38629  1.38629  1.38629
          0.00001 12.33293 12.33293  1.46634  0.26236  1.09861  0.40547
    130   1.08163  1.68579  1.85068  1.14404    130 a - - -
          1.38629  1.38629  1.38629  1.38629
          0.00001 12.33293 12.33293  1.46634  0.26236  1.09861  0.40547
    131   1.07470  1.66866  1.83150  1.17143    131 a - - -
          1.38629  1.38629  1.38629  1.38629
          0.00001 12.33293 12.33293  1.46634  0.26236  1.09861  0.40547
    132   1.07813  1.67357  1.83166  1.16460    132 a - - -
          1.38629  1.38629  1.38629  1.38629
          0.00001 12.33293 12.33293  1.46634  0.26236  1.09861  0.40547
    133   1.08702  1.65895  1.83681  1.16118    133 a - - -
          1.38629  1.38629  1.38629  1.38629
          0.00001 12.33293 12.33293  1.46634  0.26236  1.09861  0.40547
    134   1.09591  1.62528  1.85442  1.16358    134 a - - -
          1.38629  1.38629  1.38629  1.38629
          0.00001 12.33293 12.33293  1.46634  0.26236  1.09861  0.40547
    135   1.09393  1.65691  1.83397  1.15647    135 a - - -
          1.38629  1.38629  1.38629  1.38629
          0.00001 12.33293 12.33293  1.46634  0.26236  1.09861  0.40547
    136   1.08919  1.64870  1.85469  1.15610    136 a - - -
          1.38629  1.38629  1.38629  1.38629
          0.00001 12.33293 12.33293  1.46634  0.26236  1.09861  0.40547
    137   1.08642  1.63183  1.86518  1.16431    137 a - - -
          1.38629  1.38629  1.38629  1.38629
          0.00001 12.33293 12.33293  1.46634  0.26236  1.09861  0.40547
    138   1.08510  1.65325  1.85140  1.15936    138 a - - -
          1.38629  1.38629  1.38629  1.38629
          0.00001 12.33293 12.33293  1.46634  0.26236  1.09861  0.40547
    139   1.10258  1.62442  1.87598  1.14647    139 a - - -
          1.38629  1.38629  1.38629  1.38629
          0.00001 12.33293 12.33293  1.46634  0.26236  1.09861  0.40547
    140   1.10151  1.64342  1.87678  1.13559    140 a - - -
          1.38629  1.38629  1.38629  1.38629
          0.00001 12.33293 12.33293  1.46634  0.26236  1.09861  0.40547
    141   1.09694  1.63709  1.86441  1.15020    141 a - - -
          1.38629  1.38629  1.38629  1.38629
          0.00001 12.33293 12.33293  1.46634  0.26236  1.09861  0.40547
    142   1.09697  1.61358  1.85375  1.17022    142 a - - -
          1.38629  1.38629  1.38629  1.38629
          0.00001 12.33293 12.33293  1.46634  0.26236  1.09861  0.40547
    143   1.11894  1.61270  1.85760  1.14576    143 a - - -
          1.38629  1.38629  1.38629  1.38629
          0.00001 12.33293 12.33293  1.46634  0.26236  1.09861  0.40547
    144   1.11894  1.59937  1.85196  1.15702    144 a - - -
          1.38629  1.38629  1.38629  1.38629
          0.00001 12.33293 12.33293  1.46634  0.26236  1.09861  0.40547
    145   1.10722  1.60019  1.86385  1.16286    145 a - - -
          1.38629  1.38629  1.38629  1.38629
          0.00001 12.33293 12.33293  1.46634  0.26236  1.09861  0.40547
    146   1.13438  1.57606  1.87347  1.14570    146 a - - -
          1.38629  1.38629  1.38629  1.38629
          0.00001 12.33293 12.33293  1.46634  0.26236  1.09861  0.40547
    147   1.13556  1.59405  1.87396  1.13276    147 t - - -
          1.38629  1.38629  1.38629  1.38629
          0.00001 12.33293 12.33293  1.46634  0.26236  1.09861  0.40547
    148   1.11567  1.58823  1.90304  1.14287    148 a - - -
          1.38629  1.38629  1.38629  1.38629
          0.00001 12.33293 12.33293  1.46634  0.26236  1.09861  0.40547
    149   1.12083  1.57857  1.90296  1.14384    149 a - - -
          1.38629  1.38629  1.38629  1.38629
          0.00001 12.33293 12.33293  1.46634  0.26236  1.09861  0.40547
    150   1.14179  1.56633  1.88440  1.13936    150 t - - -
          1.38629  1.38629  1.38629  1.38629
          0.00001 12.33293 12.33293  1.46634  0.26236  1.09861  0.40547
    151   1.15370  1.56985  1.90469  1.11600    151 t - - -
          1.38629  1.38629  1.38629  1.38629
          0.00001 12.33293 12.33293  1.46634  0.26236  1.09861  0.40547
    152   1.17018  1.52886  1.86726  1.14458    152 t - - -
          1.38629  1.38629  1.38629  1.38629
          0.00001 12.33293 12.33293  1.46634  0.26236  1.09861  0.40547
    153   1.17155  1.51873  1.86454  1.15152    153 t - - -
          1.38629  1.38629  1.38629  1.38629
          0.00001 12.33293 12.33293  1.46634  0.26236  1.09861  0.40547
    154   1.18900  1.50362  1.89156  1.13223    154 t - - -
          1.38629  1.38629  1.38629  1.38629
          0.00001 12.33293 12.33293  1.46634  0.26236  1.09861  0.40547
    155   1.19805  1.49783  1.88014  1.13310    155 t - - -
          1.38629  1.38629  1.38629  1.38629
          0.00001 12.33293 12.33293  1.46634  0.26236  1.09861  0.40547
    156   1.18227  1.50903  1.90501  1.12864    156 t - - -
          1.38629  1.38629  1.38629  1.38629
          0.00001 12.33293 12.33293  1.46634  0.26236  1.09861  0.40547
    157   1.19500  1.49218  1.90201  1.12965    157 t - - -
          1.38629  1.38629  1.38629  1.38629
          0.00001 12.33293 12.33293  1.46634  0.26236  1.09861  0.40547
    158   1.19680  1.51907  1.93103  1.09684    158 t - - -
          1.38629  1.38629  1.38629  1.38629
          0.00001 12.33293 12.33293  1.46634  0.26236  1.09861  0.40547
    159   1.19680  1.55007  1.92461  1.07977    159 t - - -
          1.38629  1.38629  1.38629  1.38629
          0.00001 12.33293 12.33293  1.46634  0.26236  1.09861  0.40547
    160   1.20407  1.53361  1.94173  1.07640    160 t - - -
          1.38629  1.38629  1.38629  1.38629
          0.00001 12.33293 12.33293  1.46634  0.26236  1.09861  0.40547
    161   1.22672  1.52979  1.92789  1.06504    161 t - - -
          1.38629  1.38629  1.38629  1.38629
          0.00001 12.33293 12.33293  1.46634  0.26236  1.09861  0.40547
    162   1.23201  1.56177  1.91111  1.04807    162 t - - -
          1.38629  1.38629  1.38629  1.38629
          0.00001 12.33293 12.33293  1.46634  0.26236  1.09861  0.40547
    163   1.25467  1.54445  1.89188  1.04807    163 t - - -
          1.38629  1.38629  1.38629  1.38629
          0.00001 12.33293 12.33293  1.46634  0.26236  1.09861  0.40547
    164   1.26359  1.49282  1.91577  1.06307    164 t - - -
          1.38629  1.38629  1.38629  1.38629
          0.00001 12.33293 12.33293  1.46634  0.26236  1.09861  0.40547
    165   1.25431  1.50194  1.97010  1.04246    165 t - - -
          1.38629  1.38629  1.38629  1.38629
          0.00001 12.33293 12.33293  1.46634  0.26236  1.09861  0.40547
    166   1.26636  1.52953  2.03706  0.99129    166 t - - -
          1.38629  1.38629  1.38629  1.38629
          0.00001 12.33293 12.33293  1.46634  0.26236  1.09861  0.40547
    167   1.19462  1.66765  2.12666  0.94352    167 t - - -
          1.38629  1.38629  1.38629  1.38629
          0.00001 12.33293 12.33293  1.46634  0.26236  1.09861  0.40547
    168   1.12318  1.82148  2.33319  0.87711    168 t - - -
          1.38629  1.38629  1.38629  1.38629
          0.00001 12.33293 12.33293  1.46634  0.26236  1.09861  0.40547
    169   1.00024  2.01516  2.55880  0.86391    169 t - - -
          1.38629  1.38629  1.38629  1.38629
          0.00001 12.33293 12.33293  1.46634  0.26236  1.09861  0.40547
    170   0.87960  2.21675  2.73580  0.88856    170 a - - -
          1.38629  1.38629  1.38629  1.38629
          0.00001 12.33293 12.33293  1.46634  0.26236  1.09861  0.40547
    171   0.77462  2.40156  2.77410  0.95155    171 a - - -
          1.38629  1.38629  1.38629  1.38629
          0.00001 12.33293 12.33293  1.46634  0.26236  1.09861  0.40547
    172   0.73065  2.32905  2.62907  1.05305    172 a - - -
          1.38629  1.38629  1.38629  1.38629
          0.00001 12.33293 12.33293  1.46634  0.26236  1.09861  0.40547
    173   0.75283  2.14033  2.32523  1.15967    173 a - - -
          1.38629  1.38629  1.38629  1.38629
          0.00001 12.33293 12.33293  1.46634  0.26236  1.09861  0.40547
    174   0.81844  1.87109  2.12734  1.25256    174 a - - -
          1.38629  1.38629  1.38629  1.38629
          0.00001 12.33293 12.33293  1.46634  0.26236  1.09861  0.40547
    175   0.92976  1.70046  1.95982  1.26632    175 a - - -
          1.38629  1.38629  1.38629  1.38629
          0.00001 12.33293 12.33293  1.46634  0.26236  1.09861  0.40547
    176   1.08414  1.47721  1.86507  1.27780    176 a - - -
          1.38629  1.38629  1.38629  1.38629
          0.00001 12.33293 12.33293  1.46634  0.26236  1.09861  0.40547
    177   1.17858  1.42561  1.79384  1.25316    177 a - - -
          1.38629  1.38629  1.38629  1.38629
          0.00001 12.33293 12.33293  1.46634  0.26236  1.09861  0.40547
    178   1.23231  1.35419  1.77007  1.27331    178 a - - -
          1.38629  1.38629  1.38629  1.38629
          0.00001 12.33293 12.33293  1.46634  0.26236  1.09861  0.40547
    179   1.21056  1.38226  1.80637  1.24928    179 a - - -
          1.38629  1.38629  1.38629  1.38629
          0.00001 12.33293 12.33293  1.46634  0.26236  1.09861  0.40547
    180   1.21042  1.37672  1.81470  1.24955    180 a - - -
          1.38629  1.38629  1.38629  1.38629
          0.00001 12.33293 12.33293  1.46634  0.26236  1.09861  0.40547
    181   1.21482  1.41719  1.83220  1.20137    181 t - - -
          1.38629  1.38629  1.38629  1.38629
          0.00001 12.33293 12.33293  1.46634  0.26236  1.09861  0.40547
    182   1.23903  1.41305  1.82163  1.18687    182 t - - -
          1.38629  1.38629  1.38629  1.38629
          0.00001 12.33293 12.33293  1.46634  0.26236  1.09861  0.40547
    183   1.22229  1.43207  1.84717  1.17458    183 t - - -
          1.38629  1.38629  1.38629  1.38629
          0.00001 12.33293 12.33293  1.46634  0.26236  1.09861  0.40547
    184   1.25553  1.42210  1.80920  1.17092    184 t - - -
          1.38629  1.38629  1.38629  1.38629
          0.00001 12.33293 12.33293  1.46634  0.26236  1.09861  0.40547
    185   1.30343  1.40807  1.78603  1.15150    185 t - - -
          1.38629  1.38629  1.38629  1.38629
          0.00001 12.33293 12.33293  1.46634  0.26236  1.09861  0.40547
    186   1.28371  1.43399  1.83421  1.12425    186 t - - -
          1.38629  1.38629  1.38629  1.38629
          0.00001 12.33293 12.33293  1.46634  0.26236  1.09861  0.40547
    187   1.28514  1.39712  1.87840  1.12934    187 t - - -
          1.38629  1.38629  1.38629  1.38629
          0.00001 12.33293 12.33293  1.46634  0.26236  1.09861  0.40547
    188   1.27384  1.38825  1.93312  1.12074    188 t - - -
          1.38629  1.38629  1.38629  1.38629
          0.00001 12.33293 12.33293  1.46634  0.26236  1.09861  0.40547
    189   1.24562  1.42172  1.99474  1.09395    189 t - - -
          1.38629  1.38629  1.38629  1.38629
          0.00001 12.33293 12.33293  1.46634  0.26236  1.09861  0.40547
    190   1.24138  1.39911  2.03555  1.09784    190 t - - -
          1.38629  1.38629  1.38629  1.38629
          0.00001 12.33293 12.33293  1.46634  0.26236  1.09861  0.40547
    191   1.26161  1.44381  1.92025  1.09599    191 t - - -
          1.38629  1.38629  1.38629  1.38629
          0.00001 12.33293 12.33293  1.46634  0.26236  1.09861  0.40547
    192   1.25489  1.59616  1.81514  1.05153    192 t - - -
          1.38629  1.38629  1.38629  1.38629
          0.00001 12.33293 12.33293  1.46634  0.26236  1.09861  0.40547
    193   1.23272  1.57893  1.88138  1.05003    193 t - - -
          1.38629  1.38629  1.38629  1.38629
          0.00001 12.33293 12.33293  1.46634  0.26236  1.09861  0.40547
    194   1.19394  1.48325  1.91193  1.13233    194 t - - -
          1.38629  1.38629  1.38629  1.38629
          0.00001 12.33293 12.33293  1.46634  0.26236  1.09861  0.40547
    195   1.18065  1.56788  1.94785  1.07337    195 t - - -
          1.38629  1.38629  1.38629  1.38629
          0.00001 12.33293 12.33293  1.46634  0.26236  1.09861  0.40547
    196   1.18998  1.58725  1.99206  1.03600    196 t - - -
          1.38629  1.38629  1.38629  1.38629
          0.00001 12.33293 12.33293  1.46634  0.26236  1.09861  0.40547
    197   1.11311  1.30501  2.08402  1.28785    197 a - - -
          1.38629  1.38629  1.38629  1.38629
          0.00001 12.33293 12.33293  1.46634  0.26236  1.09861  0.40547
    198   1.28152  1.48378  1.88743  1.06670    198 t - - -
          1.38629  1.38629  1.38629  1.38629
          0.00001 12.33293 12.33293  1.46634  0.26236  1.09861  0.40547
    199   1.78390  1.50618  1.91766  0.76935    199 t - - -
          1.38629  1.38629  1.38629  1.38629
          0.00001 12.33293 12.33293  1.46634  0.26236  1.09861  0.40547
    200   3.70408  0.68090  2.91054  0.88003    200 c - - -
          1.38629  1.38629  1.38629  1.38629
          0.00001 12.33293 12.33293  1.46634  0.26236  1.09861  0.40547
    201   0.29724  3.26228  1.59411  4.15111    201 a - - -
          1.38629  1.38629  1.38629  1.38629
          0.00001 12.33293 12.33293  1.46634  0.26236  1.09861  0.40547
    202   0.98971  1.72370  2.09066  1.11992    202 a - - -
          1.38629  1.38629  1.38629  1.38629
          0.00001 12.33293 12.33293  1.46634  0.26236  1.09861  0.40547
    203   1.05083  1.44879  1.78369  1.39642    203 a - - -
          1.38629  1.38629  1.38629  1.38629
          0.00001 12.33293 12.33293  1.46634  0.26236  1.09861  0.40547
    204   1.14570  1.54579  1.65140  1.28347    204 a - - -
          1.38629  1.38629  1.38629  1.38629
          0.00001 12.33293 12.33293  1.46634  0.26236  1.09861  0.40547
    205   1.11429  1.40092  2.05374  1.21326    205 a - - -
          1.38629  1.38629  1.38629  1.38629
          0.00001 12.33293 12.33293  1.46634  0.26236  1.09861  0.40547
    206   1.09918  1.40576  2.02768  1.23776    206 a - - -
          1.38629  1.38629  1.38629  1.38629
          0.00001 12.33293 12.33293  1.46634  0.26236  1.09861  0.40547
    207   1.01342  1.50807  1.85121  1.35232    207 a - - -
          1.38629  1.38629  1.38629  1.38629
          0.00001 12.33293 12.33293  1.46634  0.26236  1.09861  0.40547
    208   1.03201  1.56479  1.93819  1.23577    208 a - - -
          1.38629  1.38629  1.38629  1.38629
          0.00001 12.33293 12.33293  1.46634  0.26236  1.09861  0.40547
    209   1.10552  1.40707  1.96545  1.25875    209 a - - -
          1.38629  1.38629  1.38629  1.38629
          0.00001 12.33293 12.33293  1.46634  0.26236  1.09861  0.40547
    210   1.11028  1.50562  1.95927  1.17866    210 a - - -
          1.38629  1.38629  1.38629  1.38629
          0.00001 12.33293 12.33293  1.46634  0.26236  1.09861  0.40547
    211   1.11800  1.50645  1.87009  1.21314    211 a - - -
          1.38629  1.38629  1.38629  1.38629
          0.00001 12.33293 12.33293  1.46634  0.26236  1.09861  0.40547
    212   1.13407  1.53546  1.83345  1.19383    212 a - - -
          1.38629  1.38629  1.38629  1.38629
          0.00001 12.33293 12.33293  1.46634  0.26236  1.09861  0.40547
    213   1.12311  1.48514  1.89252  1.21211    213 a - - -
          1.38629  1.38629  1.38629  1.38629
          0.00001 12.33293 12.33293  1.46634  0.26236  1.09861  0.40547
    214   1.17180  1.47160  1.86360  1.18573    214 a - - -
          1.38629  1.38629  1.38629  1.38629
          0.00001 12.33293 12.33293  1.46634  0.26236  1.09861  0.40547
    215   1.17604  1.43399  1.85140  1.21696    215 a - - -
          1.38629  1.38629  1.38629  1.38629
          0.00001 12.33293 12.33293  1.46634  0.26236  1.09861  0.40547
    216   1.13441  1.48278  1.82657  1.23643    216 a - - -
          1.38629  1.38629  1.38629  1.38629
          0.00001 12.33293 12.33293  1.46634  0.26236  1.09861  0.40547
    217   1.10319  1.51714  1.92091  1.19607    217 a - - -
          1.38629  1.38629  1.38629  1.38629
          0.00001 12.33293 12.33293  1.46634  0.26236  1.09861  0.40547
    218   1.13903  1.46679  1.87614  1.21731    218 a - - -
          1.38629  1.38629  1.38629  1.38629
          0.00001 12.33293 12.33293  1.46634  0.26236  1.09861  0.40547
    219   1.10720  1.51577  1.84584  1.23105    219 a - - -
          1.38629  1.38629  1.38629  1.38629
          0.00001 12.33293 12.33293  1.46634  0.26236  1.09861  0.40547
    220   1.11492  1.49374  1.88657  1.21760    220 a - - -
          1.38629  1.38629  1.38629  1.38629
          0.00001 12.33293 12.33293  1.46634  0.26236  1.09861  0.40547
    221   1.15109  1.45262  1.88668  1.21007    221 a - - -
          1.38629  1.38629  1.38629  1.38629
          0.00001 12.33293 12.33293  1.46634  0.26236  1.09861  0.40547
    222   1.14306  1.48592  1.84936  1.21226    222 a - - -
          1.38629  1.38629  1.38629  1.38629
          0.00001 12.33293 12.33293  1.46634  0.26236  1.09861  0.40547
    223   1.16703  1.48102  1.82267  1.20494    223 a - - -
          1.38629  1.38629  1.38629  1.38629
          0.00001 12.33293 12.33293  1.46634  0.26236  1.09861  0.40547
    224   1.16680  1.48425  1.80842  1.21049    224 a - - -
          1.38629  1.38629  1.38629  1.38629
          0.00001 12.33293 12.33293  1.46634  0.26236  1.09861  0.40547
    225   1.12304  1.50856  1.79782  1.24541    225 a - - -
          1.38629  1.38629  1.38629  1.38629
          0.00001 12.33293 12.33293  1.46634  0.26236  1.09861  0.40547
    226   1.14033  1.47970  1.80651  1.24357    226 a - - -
          1.38629  1.38629  1.38629  1.38629
          0.00001 12.33293 12.33293  1.46634  0.26236  1.09861  0.40547
    227   1.15741  1.51061  1.80853  1.20054    227 a - - -
          1.38629  1.38629  1.38629  1.38629
          0.00001 12.33293 12.33293  1.46634  0.26236  1.09861  0.40547
    228   1.17335  1.47790  1.79860  1.21394    228 a - - -
          1.38629  1.38629  1.38629  1.38629
          0.00001 12.33293 12.33293  1.46634  0.26236  1.09861  0.40547
    229   1.17380  1.45119  1.80075  1.23325    229 a - - -
          1.38629  1.38629  1.38629  1.38629
          0.00001 12.33293 12.33293  1.46634  0.26236  1.09861  0.40547
    230   1.19243  1.47290  1.79906  1.19797    230 a - - -
          1.38629  1.38629  1.38629  1.38629
          0.00001 12.33293 12.33293  1.46634  0.26236  1.09861  0.40547
    231   1.19477  1.48296  1.77032  1.20403    231 a - - -
          1.38629  1.38629  1.38629  1.38629
          0.00001 12.33293 12.33293  1.46634  0.26236  1.09861  0.40547
    232   1.16758  1.48872  1.79671  1.21276    232 a - - -
          1.38629  1.38629  1.38629  1.38629
          0.00001 12.33293 12.33293  1.46634  0.26236  1.09861  0.40547
    233   1.18306  1.48635  1.78905  1.20283    233 a - - -
          1.38629  1.38629  1.38629  1.38629
          0.00001 12.33293 12.33293  1.46634  0.26236  1.09861  0.40547
    234   1.19397  1.48209  1.75860  1.21223    234 a - - -
          1.38629  1.38629  1.38629  1.38629
          0.00001 12.33293 12.33293  1.46634  0.26236  1.09861  0.40547
    235   1.17713  1.49471  1.78301  1.20600    235 a - - -
          1.38629  1.38629  1.38629  1.38629
          0.00001 12.33293 12.33293  1.46634  0.26236  1.09861  0.40547
    236   1.18459  1.52079  1.75234  1.19660    236 a - - -
          1.38629  1.38629  1.38629  1.38629
          0.00001 12.33293 12.33293  1.46634  0.26236  1.09861  0.40547
    237   1.19438  1.50924  1.74873  1.19721    237 a - - -
          1.38629  1.38629  1.38629  1.38629
          0.00001 12.33293 12.33293  1.46634  0.26236  1.09861  0.40547
    238   1.20160  1.46424  1.73664  1.23126    238 a - - -
          1.38629  1.38629  1.38629  1.38629
          0.00001 12.33293 12.33293  1.46634  0.26236  1.09861  0.40547
    239   1.19448  1.50101  1.72244  1.21873    239 a - - -
          1.38629  1.38629  1.38629  1.38629
          0.00001 12.33293 12.33293  1.46634  0.26236  1.09861  0.40547
    240   1.19624  1.48301  1.72647  1.22824    240 a - - -
          1.38629  1.38629  1.38629  1.38629
          0.00001 12.33293 12.33293  1.46634  0.26236  1.09861  0.40547
    241   1.20149  1.47980  1.71810  1.23044    241 a - - -
          1.38629  1.38629  1.38629  1.38629
          0.00001 12.33293 12.33293  1.46634  0.26236  1.09861  0.40547
    242   1.21656  1.46849  1.72973  1.21690    242 a - - -
          1.38629  1.38629  1.38629  1.38629
          0.00001 12.33293 12.33293  1.46634  0.26236  1.09861  0.40547
    243   1.21449  1.48099  1.69931  1.22787    243 a - - -
          1.38629  1.38629  1.38629  1.38629
          0.00001 12.33293 12.33293  1.46634  0.26236  1.09861  0.40547
    244   1.19981  1.47337  1.74799  1.21918    244 a - - -
          1.38629  1.38629  1.38629  1.38629
          0.00001 12.33293 12.33293  1.46634  0.26236  1.09861  0.40547
    245   1.23733  1.46256  1.70502  1.21594    245 t - - -
          1.38629  1.38629  1.38629  1.38629
          0.00001 12.33293 12.33293  1.46634  0.26236  1.09861  0.40547
    246   1.21972  1.48887  1.71295  1.20823    246 t - - -
          1.38629  1.38629  1.38629  1.38629
          0.00001 12.33293 12.33293  1.46634  0.26236  1.09861  0.40547
    247   1.24934  1.45636  1.73046  1.19396    247 t - - -
          1.38629  1.38629  1.38629  1.38629
          0.00001 12.33293 12.33293  1.46634  0.26236  1.09861  0.40547
    248   1.25030  1.46410  1.71958  1.19351    248 t - - -
          1.38629  1.38629  1.38629  1.38629
          0.00001 12.33293 12.33293  1.46634  0.26236  1.09861  0.40547
    249   1.23485  1.47345  1.71640  1.20305    249 t - - -
          1.38629  1.38629  1.38629  1.38629
          0.00001 12.33293 12.33293  1.46634  0.26236  1.09861  0.40547
    250   1.23213  1.46567  1.75333  1.19003    250 t - - -
          1.38629  1.38629  1.38629  1.38629
          0.00001 12.33293 12.33293  1.46634  0.26236  1.09861  0.40547
    251   1.26709  1.46319  1.69951  1.19047    251 t - - -
          1.38629  1.38629  1.38629  1.38629
          0.00001 12.33293 12.33293  1.46634  0.26236  1.09861  0.40547
    252   1.23089  1.49149  1.70683  1.19901    252 t - - -
          1.38629  1.38629  1.38629  1.38629
          0.00001 12.33293 12.33293  1.46634  0.26236  1.09861  0.40547
    253   1.24428  1.46390  1.73593  1.18979    253 t - - -
          1.38629  1.38629  1.38629  1.38629
          0.00001 12.33293 12.33293  1.46634  0.26236  1.09861  0.40547
    254   1.25983  1.46609  1.71937  1.18321    254 t - - -
          1.38629  1.38629  1.38629  1.38629
          0.00001 12.33293 12.33293  1.46634  0.26236  1.09861  0.40547
    255   1.25324  1.47161  1.73426  1.17657    255 t - - -
          1.38629  1.38629  1.38629  1.38629
          0.00001 12.33293 12.33293  1.46634  0.26236  1.09861  0.40547
    256   1.25815  1.47972  1.70160  1.18506    256 t - - -
          1.38629  1.38629  1.38629  1.38629
          0.00001 12.33293 12.33293  1.46634  0.26236  1.09861  0.40547
    257   1.28433  1.45617  1.68674  1.18773    257 t - - -
          1.38629  1.38629  1.38629  1.38629
          0.00001 12.33293 12.33293  1.46634  0.26236  1.09861  0.40547
    258   1.26654  1.47358  1.69804  1.18400    258 t - - -
          1.38629  1.38629  1.38629  1.38629
          0.00001 12.33293 12.33293  1.46634  0.26236  1.09861  0.40547
    259   1.26523  1.47264  1.70802  1.17999    259 t - - -
          1.38629  1.38629  1.38629  1.38629
          0.00001 12.33293 12.33293  1.46634  0.26236  1.09861  0.40547
    260   1.28200  1.46139  1.70559  1.17461    260 t - - -
          1.38629  1.38629  1.38629  1.38629
          0.00001 12.33293 12.33293  1.46634  0.26236  1.09861  0.40547
    261   1.29189  1.47091  1.67023  1.17984    261 t - - -
          1.38629  1.38629  1.38629  1.38629
          0.00001 12.33293 12.33293  1.46634  0.26236  1.09861  0.40547
    262   1.26172  1.47754  1.68771  1.19174    262 t - - -
          1.38629  1.38629  1.38629  1.38629
          0.00001 12.33293 12.33293  1.46634  0.26236  1.09861  0.40547
    263   1.27918  1.48137  1.65777  1.19124    263 t - - -
          1.38629  1.38629  1.38629  1.38629
          0.00001 12.33293 12.33293  1.46634  0.26236  1.09861  0.40547
    264   1.27261  1.48548  1.70091  1.16799    264 t - - -
          1.38629  1.38629  1.38629  1.38629
          0.00001 12.33293 12.33293  1.46634  0.26236  1.09861  0.40547
    265   1.28157  1.46386  1.68487  1.18552    265 t - - -
          1.38629  1.38629  1.38629  1.38629
          0.00001 12.33293 12.33293  1.46634  0.26236  1.09861  0.40547
    266   1.29889  1.47131  1.67948  1.16774    266 t - - -
          1.38629  1.38629  1.38629  1.38629
          0.00001 12.33293 12.33293  1.46634  0.26236  1.09861  0.40547
    267   1.29061  1.46694  1.67579  1.18056    267 t - - -
          1.38629  1.38629  1.38629  1.38629
          0.00001 12.33293 12.33293  1.46634  0.26236  1.09861  0.40547
    268   1.28317  1.46052  1.68006  1.18953    268 t - - -
          1.38629  1.38629  1.38629  1.38629
          0.00001 12.33293 12.33293  1.46634  0.26236  1.09861  0.40547
    269   1.28726  1.46418  1.66929  1.18965    269 t - - -
          1.38629  1.38629  1.38629  1.38629
          0.00001 12.33293 12.33293  1.46634  0.26236  1.09861  0.40547
    270   1.29219  1.47817  1.67988  1.16835    270 t - - -
          1.38629  1.38629  1.38629  1.38629
          0.00001 12.33293 12.33293  1.46634  0.26236  1.09861  0.40547
    271   1.28990  1.47716  1.67033  1.17690    271 t - - -
          1.38629  1.38629  1.38629  1.38629
          0.00001 12.33293 12.33293  1.46634  0.26236  1.09861  0.40547
    272   1.29515  1.48347  1.66355  1.17174    272 t - - -
          1.38629  1.38629  1.38629  1.38629
          0.00001 12.33293 12.33293  1.46634  0.26236  1.09861  0.40547
    273   1.29017  1.44481  1.66923  1.20200    273 t - - -
          1.38629  1.38629  1.38629  1.38629
          0.00001 12.33293 12.33293  1.46634  0.26236  1.09861  0.40547
    274   1.28946  1.46793  1.68151  1.17738    274 t - - -
          1.38629  1.38629  1.38629  1.38629
          0.00001 12.33293 12.33293  1.46634  0.26236  1.09861  0.40547
    275   1.29264  1.45405  1.69262  1.17832    275 t - - -
          1.38629  1.38629  1.38629  1.38629
          0.00001 12.33293 12.33293  1.46634  0.26236  1.09861  0.40547
    276   1.26603  1.48008  1.69729  1.18008    276 t - - -
          1.38629  1.38629  1.38629  1.38629
          0.00001 12.33293 12.33293  1.46634  0.26236  1.09861  0.40547
    277   1.28684  1.46285  1.68518  1.18133    277 t - - -
          1.38629  1.38629  1.38629  1.38629
          0.00001 12.33293 12.33293  1.46634  0.26236  1.09861  0.40547
    278   1.29653  1.47397  1.65920  1.18021    278 t - - -
          1.38629  1.38629  1.38629  1.38629
          0.00001 12.33293 12.33293  1.46634  0.26236  1.09861  0.40547
    279   1.29989  1.47648  1.66706  1.17055    279 t - - -
          1.38629  1.38629  1.38629  1.38629
          0.00001 12.33293 12.33293  1.46634  0.26236  1.09861  0.40547
    280   1.27525  1.49964  1.68075  1.16734    280 t - - -
          1.38629  1.38629  1.38629  1.38629
          0.00001 12.33293 12.33293  1.46634  0.26236  1.09861  0.40547
    281   1.29753  1.47555  1.66723  1.17321    281 t - - -
          1.38629  1.38629  1.38629  1.38629
          0.00001 12.33293 12.33293  1.46634  0.26236  1.09861  0.40547
    282   1.32140  1.45640  1.65055  1.17694    282 t - - -
          1.38629  1.38629  1.38629  1.38629
          0.00001 12.33293 12.33293  1.46634  0.26236  1.09861  0.40547
    283   1.30644  1.46910  1.66063  1.17420    283 t - - -
          1.38629  1.38629  1.38629  1.38629
          0.00001 12.33293 12.33293  1.46634  0.26236  1.09861  0.40547
    284   1.31506  1.46431  1.66007  1.17061    284 t - - -
          1.38629  1.38629  1.38629  1.38629
          0.00001 12.33293 12.33293  1.46634  0.26236  1.09861  0.40547
    285   1.30329  1.46039  1.66888  1.17843    285 t - - -
          1.38629  1.38629  1.38629  1.38629
          0.00001 12.33293 12.33293  1.46634  0.26236  1.09861  0.40547
    286   1.31137  1.46354  1.66832  1.16934    286 t - - -
          1.38629  1.38629  1.38629  1.38629
          0.00001 12.33293 12.33293  1.46634  0.26236  1.09861  0.40547
    287   1.31311  1.47701  1.65185  1.16795    287 t - - -
          1.38629  1.38629  1.38629  1.38629
          0.00001 12.33293 12.33293  1.46634  0.26236  1.09861  0.40547
    288   1.32001  1.45559  1.67649  1.16290    288 t - - -
          1.38629  1.38629  1.38629  1.38629
          0.00001 12.33293 12.33293  1.46634  0.26236  1.09861  0.40547
    289   1.31304  1.43022  1.69700  1.17600    289 t - - -
          1.38629  1.38629  1.38629  1.38629
          0.00001 12.33293 12.33293  1.46634  0.26236  1.09861  0.40547
    290   1.32093  1.44932  1.67389  1.16839    290 t - - -
          1.38629  1.38629  1.38629  1.38629
          0.00001 12.33293 12.33293  1.46634  0.26236  1.09861  0.40547
    291   1.32373  1.45814  1.64451  1.17738    291 t - - -
          1.38629  1.38629  1.38629  1.38629
          0.00001 12.33293 12.33293  1.46634  0.26236  1.09861  0.40547
    292   1.31173  1.47316  1.64688  1.17507    292 t - - -
          1.38629  1.38629  1.38629  1.38629
          0.00001 12.33293 12.33293  1.46634  0.26236  1.09861  0.40547
    293   1.33305  1.45655  1.65405  1.16471    293 t - - -
          1.38629  1.38629  1.38629  1.38629
          0.00001 12.33293 12.33293  1.46634  0.26236  1.09861  0.40547
    294   1.33097  1.43913  1.63695  1.19050    294 t - - -
          1.38629  1.38629  1.38629  1.38629
          0.00001 12.33293 12.33293  1.46634  0.26236  1.09861  0.40547
    295   1.30436  1.46324  1.65030  1.18686    295 t - - -
          1.38629  1.38629  1.38629  1.38629
          0.00001 12.33293 12.33293  1.46634  0.26236  1.09861  0.40547
    296   1.31731  1.45794  1.64702  1.18154    296 t - - -
          1.38629  1.38629  1.38629  1.38629
          0.00001 12.33293 12.33293  1.46634  0.26236  1.09861  0.40547
    297   1.32760  1.47065  1.63720  1.16930    297 t - - -
          1.38629  1.38629  1.38629  1.38629
          0.00001 12.33293 12.33293  1.46634  0.26236  1.09861  0.40547
    298   1.32412  1.46837  1.65537  1.16271    298 t - - -
          1.38629  1.38629  1.38629  1.38629
          0.00001 12.33293 12.33293  1.46634  0.26236  1.09861  0.40547
    299   1.31390  1.48755  1.67779  1.14408    299 t - - -
          1.38629  1.38629  1.38629  1.38629
          0.00001 12.33293 12.33293  1.46634  0.26236  1.09861  0.40547
    300   1.32183  1.46001  1.64033  1.18024    300 t - - -
          1.38629  1.38629  1.38629  1.38629
          0.00001 12.33293 12.33293  1.46634  0.26236  1.09861  0.40547
    301   1.33712  1.44840  1.65922  1.16422    301 t - - -
          1.38629  1.38629  1.38629  1.38629
          0.00001 12.33293 12.33293  1.46634  0.26236  1.09861  0.40547
    302   1.35051  1.46408  1.63904  1.15380    302 t - - -
          1.38629  1.38629  1.38629  1.38629
          0.00001 12.33293 12.33293  1.46634  0.26236  1.09861  0.40547
    303   1.33872  1.46421  1.66554  1.14737    303 t - - -
          1.38629  1.38629  1.38629  1.38629
          0.00001 12.33293 12.33293  1.46634  0.26236  1.09861  0.40547
    304   1.32828  1.45369  1.68384  1.15296    304 t - - -
          1.38629  1.38629  1.38629  1.38629
          0.00001 12.33293 12.33293  1.46634  0.26236  1.09861  0.40547
    305   1.34767  1.45206  1.65648  1.15436    305 t - - -
          1.38629  1.38629  1.38629  1.38629
          0.00001 12.33293 12.33293  1.46634  0.26236  1.09861  0.40547
    306   1.34705  1.43627  1.65023  1.17061    306 t - - -
          1.38629  1.38629  1.38629  1.38629
          0.00001 12.33293 12.33293  1.46634  0.26236  1.09861  0.40547
    307   1.33350  1.44825  1.66571  1.16344    307 t - - -
          1.38629  1.38629  1.38629  1.38629
          0.00001 12.33293 12.33293  1.46634  0.26236  1.09861  0.40547
    308   1.31878  1.45740  1.66848  1.16744    308 t - - -
          1.38629  1.38629  1.38629  1.38629
          0.00001 12.33293 12.33293  1.46634  0.26236  1.09861  0.40547
    309   1.32866  1.45551  1.64471  1.17500    309 t - - -
          1.38629  1.38629  1.38629  1.38629
          0.00001 12.33293 12.33293  1.46634  0.26236  1.09861  0.40547
    310   1.33000  1.44740  1.67475  1.16160    310 t - - -
          1.38629  1.38629  1.38629  1.38629
          0.00001 12.33293 12.33293  1.46634  0.26236  1.09861  0.40547
    311   1.33783  1.45442  1.64787  1.16606    311 t - - -
          1.38629  1.38629  1.38629  1.38629
          0.00001 12.33293 12.33293  1.46634  0.26236  1.09861  0.40547
    312   1.34414  1.45650  1.65531  1.15470    312 t - - -
          1.38629  1.38629  1.38629  1.38629
          0.00001 12.33293 12.33293  1.46634  0.26236  1.09861  0.40547
    313   1.33779  1.43819  1.66145  1.17004    313 t - - -
          1.38629  1.38629  1.38629  1.38629
          0.00001 12.33293 12.33293  1.46634  0.26236  1.09861  0.40547
    314   1.32174  1.48077  1.66507  1.14983    314 t - - -
          1.38629  1.38629  1.38629  1.38629
          0.00001 12.33293 12.33293  1.46634  0.26236  1.09861  0.40547
    315   1.35445  1.45074  1.63932  1.16027    315 t - - -
          1.38629  1.38629  1.38629  1.38629
          0.00001 12.33293 12.33293  1.46634  0.26236  1.09861  0.40547
    316   1.33806  1.44731  1.66725  1.15939    316 t - - -
          1.38629  1.38629  1.38629  1.38629
          0.00001 12.33293 12.33293  1.46634  0.26236  1.09861  0.40547
    317   1.34269  1.42629  1.67278  1.16817    317 t - - -
          1.38629  1.38629  1.38629  1.38629
          0.00001 12.33293 12.33293  1.46634  0.26236  1.09861  0.40547
    318   1.33433  1.44314  1.66708  1.16577    318 t - - -
          1.38629  1.38629  1.38629  1.38629
          0.00001 12.33293 12.33293  1.46634  0.26236  1.09861  0.40547
    319   1.31955  1.46452  1.66583  1.16308    319 t - - -
          1.38629  1.38629  1.38629  1.38629
          0.00001 12.33293 12.33293  1.46634  0.26236  1.09861  0.40547
    320   1.33472  1.46739  1.63356  1.16794    320 t - - -
          1.38629  1.38629  1.38629  1.38629
          0.00001 12.33293 12.33293  1.46634  0.26236  1.09861  0.40547
    321   1.34236  1.46934  1.61638  1.17093    321 t - - -
          1.38629  1.38629  1.38629  1.38629
          0.00001 12.33293 12.33293  1.46634  0.26236  1.09861  0.40547
    322   1.30956  1.45778  1.67091  1.17366    322 t - - -
          1.38629  1.38629  1.38629  1.38629
          0.00001 12.33293 12.33293  1.46634  0.26236  1.09861  0.40547
    323   1.35599  1.44112  1.64629  1.16193    323 t - - -
          1.38629  1.38629  1.38629  1.38629
          0.00001 12.33293 12.33293  1.46634  0.26236  1.09861  0.40547
    324   1.36262  1.46201  1.61938  1.15766    324 t - - -
          1.38629  1.38629  1.38629  1.38629
          0.00001 12.33293 12.33293  1.46634  0.26236  1.09861  0.40547
    325   1.32535  1.44393  1.66806  1.17222    325 t - - -
          1.38629  1.38629  1.38629  1.38629
          0.00001 12.33293 12.33293  1.46634  0.26236  1.09861  0.40547
    326   1.34373  1.47466  1.64107  1.15043    326 t - - -
          1.38629  1.38629  1.38629  1.38629
          0.00001 12.33293 12.33293  1.46634  0.26236  1.09861  0.40547
    327   1.33917  1.46612  1.62312  1.17172    327 t - - -
          1.38629  1.38629  1.38629  1.38629
          0.00001 12.33293 12.33293  1.46634  0.26236  1.09861  0.40547
    328   1.34501  1.44664  1.64606  1.16702    328 t - - -
          1.38629  1.38629  1.38629  1.38629
          0.00001 12.33293 12.33293  1.46634  0.26236  1.09861  0.40547
    329   1.33141  1.46295  1.65088  1.16327    329 t - - -
          1.38629  1.38629  1.38629  1.38629
          0.00001 12.33293 12.33293  1.46634  0.26236  1.09861  0.40547
    330   1.35582  1.45248  1.64356  1.15524    330 t - - -
          1.38629  1.38629  1.38629  1.38629
          0.00001 12.33293 12.33293  1.46634  0.26236  1.09861  0.40547
    331   1.35366  1.43945  1.62577  1.17802    331 t - - -
          1.38629  1.38629  1.38629  1.38629
          0.00001 12.33293 12.33293  1.46634  0.26236  1.09861  0.40547
    332   1.34084  1.45669  1.63188  1.17181    332 t - - -
          1.38629  1.38629  1.38629  1.38629
          0.00001 12.33293 12.33293  1.46634  0.26236  1.09861  0.40547
    333   1.36938  1.46161  1.60886  1.15913    333 t - - -
          1.38629  1.38629  1.38629  1.38629
          0.00001 12.33293 12.33293  1.46634  0.26236  1.09861  0.40547
    334   1.34248  1.48327  1.62558  1.15483    334 t - - -
          1.38629  1.38629  1.38629  1.38629
          0.00001 12.33293 12.33293  1.46634  0.26236  1.09861  0.40547
    335   1.34316  1.46654  1.64200  1.15625    335 t - - -
          1.38629  1.38629  1.38629  1.38629
          0.00001 12.33293 12.33293  1.46634  0.26236  1.09861  0.40547
    336   1.33135  1.46769  1.63541  1.16941    336 t - - -
          1.38629  1.38629  1.38629  1.38629
          0.00001 12.33293 12.33293  1.46634  0.26236  1.09861  0.40547
    337   1.35773  1.46708  1.61979  1.15767    337 t - - -
          1.38629  1.38629  1.38629  1.38629
          0.00001 12.33293 12.33293  1.46634  0.26236  1.09861  0.40547
    338   1.33809  1.45686  1.65343  1.16061    338 t - - -
          1.38629  1.38629  1.38629  1.38629
          0.00001 12.33293 12.33293  1.46634  0.26236  1.09861  0.40547
    339   1.35536  1.46675  1.63770  1.14871    339 t - - -
          1.38629  1.38629  1.38629  1.38629
          0.00001 12.33293 12.33293  1.46634  0.26236  1.09861  0.40547
    340   1.36305  1.45451  1.63077  1.15573    340 t - - -
          1.38629  1.38629  1.38629  1.38629
          0.00001 12.33293 12.33293  1.46634  0.26236  1.09861  0.40547
    341   1.35802  1.45015  1.63711  1.15915    341 t - - -
          1.38629  1.38629  1.38629  1.38629
          0.00001 12.33293 12.33293  1.46634  0.26236  1.09861  0.40547
    342   1.34939  1.45965  1.63651  1.15956    342 t - - -
          1.38629  1.38629  1.38629  1.38629
          0.00001 12.33293 12.33293  1.46634  0.26236  1.09861  0.40547
    343   1.34944  1.46325  1.64736  1.15020    343 t - - -
          1.38629  1.38629  1.38629  1.38629
          0.00001 12.33293 12.33293  1.46634  0.26236  1.09861  0.40547
    344   1.35171  1.46082  1.62898  1.16147    344 t - - -
          1.38629  1.38629  1.38629  1.38629
          0.00001 12.33293 12.33293  1.46634  0.26236  1.09861  0.40547
    345   1.35045  1.45860  1.62328  1.16775    345 t - - -
          1.38629  1.38629  1.38629  1.38629
          0.00001 12.33293 12.33293  1.46634  0.26236  1.09861  0.40547
    346   1.35073  1.45038  1.65409  1.15455    346 t - - -
          1.38629  1.38629  1.38629  1.38629
          0.00001 12.33293 12.33293  1.46634  0.26236  1.09861  0.40547
    347   1.35583  1.43786  1.64189  1.16726    347 t - - -
          1.38629  1.38629  1.38629  1.38629
          0.00001 12.33293 12.33293  1.46634  0.26236  1.09861  0.40547
    348   1.35125  1.46469  1.63415  1.15577    348 t - - -
          1.38629  1.38629  1.38629  1.38629
          0.00001 12.33293 12.33293  1.46634  0.26236  1.09861  0.40547
    349   1.35875  1.44844  1.64157  1.15707    349 t - - -
          1.38629  1.38629  1.38629  1.38629
          0.00001 12.33293 12.33293  1.46634  0.26236  1.09861  0.40547
    350   1.34993  1.48651  1.60896  1.15682    350 t - - -
          1.38629  1.38629  1.38629  1.38629
          0.00001 12.33293 12.33293  1.46634  0.26236  1.09861  0.40547
    351   1.34349  1.47532  1.63488  1.15397    351 t - - -
          1.38629  1.38629  1.38629  1.38629
          0.00001 12.33293 12.33293  1.46634  0.26236  1.09861  0.40547
    352   1.36250  1.46369  1.61970  1.15633    352 t - - -
          1.38629  1.38629  1.38629  1.38629
          0.00001 12.33293 12.33293  1.46634  0.26236  1.09861  0.40547
    353   1.35750  1.47145  1.62910  1.14886    353 t - - -
          1.38629  1.38629  1.38629  1.38629
          0.00001 12.33293 12.33293  1.46634  0.26236  1.09861  0.40547
    354   1.35336  1.45358  1.63610  1.16105    354 t - - -
          1.38629  1.38629  1.38629  1.38629
          0.00001 12.33293 12.33293  1.46634  0.26236  1.09861  0.40547
    355   1.35321  1.45347  1.64246  1.15731    355 t - - -
          1.38629  1.38629  1.38629  1.38629
          0.00001 12.33293 12.33293  1.46634  0.26236  1.09861  0.40547
    356   1.35021  1.45305  1.64276  1.15992    356 t - - -
          1.38629  1.38629  1.38629  1.38629
          0.00001 12.33293 12.33293  1.46634  0.26236  1.09861  0.40547
    357   1.36198  1.46014  1.62470  1.15623    357 t - - -
          1.38629  1.38629  1.38629  1.38629
          0.00001 12.33293 12.33293  1.46634  0.26236  1.09861  0.40547
    358   1.36190  1.47061  1.63680  1.14119    358 t - - -
          1.38629  1.38629  1.38629  1.38629
          0.00001 12.33293 12.33293  1.46634  0.26236  1.09861  0.40547
    359   1.38274  1.44798  1.64097  1.13857    359 t - - -
          1.38629  1.38629  1.38629  1.38629
          0.00001 12.33293 12.33293  1.46634  0.26236  1.09861  0.40547
    360   1.35025  1.46077  1.63168  1.16102    360 t - - -
          1.38629  1.38629  1.38629  1.38629
          0.00001 12.33293 12.33293  1.46634  0.26236  1.09861  0.40547
    361   1.37094  1.45751  1.62072  1.15341    361 t - - -
          1.38629  1.38629  1.38629  1.38629
          0.00001 12.33293 12.33293  1.46634  0.26236  1.09861  0.40547
    362   1.37004  1.46068  1.62991  1.14609    362 t - - -
          1.38629  1.38629  1.38629  1.38629
          0.00001 12.33293 12.33293  1.46634  0.26236  1.09861  0.40547
    363   1.37954  1.44535  1.62473  1.15304    363 t - - -
          1.38629  1.38629  1.38629  1.38629
          0.00001 12.33293 12.33293  1.46634  0.26236  1.09861  0.40547
    364   1.37495  1.47222  1.61039  1.14594    364 t - - -
          1.38629  1.38629  1.38629  1.38629
          0.00001 12.33293 12.33293  1.46634  0.26236  1.09861  0.40547
    365   1.35547  1.45941  1.63639  1.15480    365 t - - -
          1.38629  1.38629  1.38629  1.38629
          0.00001 12.33293 12.33293  1.46634  0.26236  1.09861  0.40547
    366   1.34906  1.47610  1.61849  1.15903    366 t - - -
          1.38629  1.38629  1.38629  1.38629
          0.00001 12.33293 12.33293  1.46634  0.26236  1.09861  0.40547
    367   1.35698  1.47164  1.63229  1.14718    367 t - - -
          1.38629  1.38629  1.38629  1.38629
          0.00001 12.33293 12.33293  1.46634  0.26236  1.09861  0.40547
    368   1.36703  1.45880  1.63505  1.14671    368 t - - -
          1.38629  1.38629  1.38629  1.38629
          0.00001 12.33293 12.33293  1.46634  0.26236  1.09861  0.40547
    369   1.35618  1.47239  1.62638  1.15094    369 t - - -
          1.38629  1.38629  1.38629  1.38629
          0.00001 12.33293 12.33293  1.46634  0.26236  1.09861  0.40547
    370   1.36225  1.46489  1.61652  1.15765    370 t - - -
          1.38629  1.38629  1.38629  1.38629
          0.00001 12.33293 12.33293  1.46634  0.26236  1.09861  0.40547
    371   1.36548  1.47445  1.61363  1.14988    371 t - - -
          1.38629  1.38629  1.38629  1.38629
          0.00001 12.33293 12.33293  1.46634  0.26236  1.09861  0.40547
    372   1.39810  1.46568  1.59891  1.13976    372 t - - -
          1.38629  1.38629  1.38629  1.38629
          0.00001 12.33293 12.33293  1.46634  0.26236  1.09861  0.40547
    373   1.35611  1.46905  1.63155  1.15021    373 t - - -
          1.38629  1.38629  1.38629  1.38629
          0.00001 12.33293 12.33293  1.46634  0.26236  1.09861  0.40547
    374   1.37000  1.49555  1.58047  1.15236    374 t - - -
          1.38629  1.38629  1.38629  1.38629
          0.00001 12.33293 12.33293  1.46634  0.26236  1.09861  0.40547
    375   1.37850  1.46454  1.60647  1.15117    375 t - - -
          1.38629  1.38629  1.38629  1.38629
          0.00001 12.33293 12.33293  1.46634  0.26236  1.09861  0.40547
    376   1.38026  1.47902  1.61110  1.13645    376 t - - -
          1.38629  1.38629  1.38629  1.38629
          0.00001 12.33293 12.33293  1.46634  0.26236  1.09861  0.40547
    377   1.36033  1.46273  1.63756  1.14770    377 t - - -
          1.38629  1.38629  1.38629  1.38629
          0.00001 12.33293 12.33293  1.46634  0.26236  1.09861  0.40547
    378   1.36632  1.48842  1.62018  1.13518    378 t - - -
          1.38629  1.38629  1.38629  1.38629
          0.00001 12.33293 12.33293  1.46634  0.26236  1.09861  0.40547
    379   1.35980  1.48506  1.63967  1.13086    379 t - - -
          1.38629  1.38629  1.38629  1.38629
          0.00001 12.33293 12.33293  1.46634  0.26236  1.09861  0.40547
    380   1.34895  1.49481  1.62311  1.14284    380 t - - -
          1.38629  1.38629  1.38629  1.38629
          0.00001 12.33293 12.33293  1.46634  0.26236  1.09861  0.40547
    381   1.36687  1.47899  1.62771  1.13678    381 t - - -
          1.38629  1.38629  1.38629  1.38629
          0.00001 12.33293 12.33293  1.46634  0.26236  1.09861  0.40547
    382   1.37903  1.48798  1.58552  1.14726    382 t - - -
          1.38629  1.38629  1.38629  1.38629
          0.00001 12.33293 12.33293  1.46634  0.26236  1.09861  0.40547
    383   1.37148  1.48423  1.61494  1.13729    383 t - - -
          1.38629  1.38629  1.38629  1.38629
          0.00001 12.33293 12.33293  1.46634  0.26236  1.09861  0.40547
    384   1.38427  1.46224  1.62256  1.13824    384 t - - -
          1.38629  1.38629  1.38629  1.38629
          0.00001 12.33293 12.33293  1.46634  0.26236  1.09861  0.40547
    385   1.38396  1.47438  1.57081  1.16277    385 t - - -
          1.38629  1.38629  1.38629  1.38629
          0.00001 12.33293 12.33293  1.46634  0.26236  1.09861  0.40547
    386   1.36534  1.46596  1.61622  1.15455    386 t - - -
          1.38629  1.38629  1.38629  1.38629
          0.00001 12.33293 12.33293  1.46634  0.26236  1.09861  0.40547
    387   1.35660  1.48272  1.61549  1.14995    387 t - - -
          1.38629  1.38629  1.38629  1.38629
          0.00001 12.33293 12.33293  1.46634  0.26236  1.09861  0.40547
    388   1.35620  1.50980  1.60049  1.14065    388 t - - -
          1.38629  1.38629  1.38629  1.38629
          0.00001 12.33293 12.33293  1.46634  0.26236  1.09861  0.40547
    389   1.37366  1.49490  1.58913  1.14430    389 t - - -
          1.38629  1.38629  1.38629  1.38629
          0.00001 12.33293 12.33293  1.46634  0.26236  1.09861  0.40547
    390   1.35626  1.46722  1.63798  1.14747    390 t - - -
          1.38629  1.38629  1.38629  1.38629
          0.00001 12.33293 12.33293  1.46634  0.26236  1.09861  0.40547
    391   1.36369  1.50042  1.58238  1.15276    391 t - - -
          1.38629  1.38629  1.38629  1.38629
          0.00001 12.33293 12.33293  1.46634  0.26236  1.09861  0.40547
    392   1.35105  1.48546  1.61424  1.15331    392 t - - -
          1.38629  1.38629  1.38629  1.38629
          0.00001 12.33293 12.33293  1.46634  0.26236  1.09861  0.40547
    393   1.36492  1.49968  1.59628  1.14335    393 t - - -
          1.38629  1.38629  1.38629  1.38629
          0.00001 12.33293 12.33293  1.46634  0.26236  1.09861  0.40547
    394   1.36584  1.48282  1.62015  1.13953    394 t - - -
          1.38629  1.38629  1.38629  1.38629
          0.00001 12.33293 12.33293  1.46634  0.26236  1.09861  0.40547
    395   1.36634  1.49400  1.58584  1.15293    395 t - - -
          1.38629  1.38629  1.38629  1.38629
          0.00001 12.33293 12.33293  1.46634  0.26236  1.09861  0.40547
    396   1.34350  1.49010  1.61233  1.15741    396 t - - -
          1.38629  1.38629  1.38629  1.38629
          0.00001 12.33293 12.33293  1.46634  0.26236  1.09861  0.40547
    397   1.37672  1.46816  1.60300  1.15215    397 t - - -
          1.38629  1.38629  1.38629  1.38629
          0.00001 12.33293 12.33293  1.46634  0.26236  1.09861  0.40547
    398   1.36217  1.48620  1.60163  1.15170    398 t - - -
          1.38629  1.38629  1.38629  1.38629
          0.00001 12.33293 12.33293  1.46634  0.26236  1.09861  0.40547
    399   1.34887  1.49049  1.63793  1.13686    399 t - - -
          1.38629  1.38629  1.38629  1.38629
          0.00001 12.33293 12.33293  1.46634  0.26236  1.09861  0.40547
    400   1.37284  1.48778  1.60143  1.14215    400 t - - -
          1.38629  1.38629  1.38629  1.38629
          0.00001 12.33293 12.33293  1.46634  0.26236  1.09861  0.40547
    401   1.34624  1.50711  1.61369  1.14230    401 t - - -
          1.38629  1.38629  1.38629  1.38629
          0.00000 12.33293        *  1.46634  0.26236  0.00000        *
//
