HMMER3/f [3.3.2 | Nov 2020]
NAME  celegans_200
LENG  401
MAXL  401
ALPH  DNA
RF    no
MM    no
CONS  yes
CS    no
MAP   yes
DATE  Tue Oct 15 12:24:13 2024
NSEQ  7120
EFFN  7120.000000
CKSUM 3917625198
STATS LOCAL MSV      -17.0739  0.75308
STATS LOCAL VITERBI  -17.8721  0.75308
STATS LOCAL FORWARD   -3.6177  0.75308
HMM          A        C        G        T   
            m->m     m->i     m->d     i->m     i->i     d->m     d->d
  COMPO   1.28211  1.55368  1.73968  1.09212
          1.38629  1.38629  1.38629  1.38629
          0.00003 11.17356 11.17356  1.46634  0.26236  0.00000        *
      1   1.16386  1.62805  1.86706  1.08817      1 t - - -
          1.38629  1.38629  1.38629  1.38629
          0.00003 11.17356 11.17356  1.46634  0.26236  1.09861  0.40547
      2   1.18180  1.61737  1.87987  1.07223      2 t - - -
          1.38629  1.38629  1.38629  1.38629
          0.00003 11.17356 11.17356  1.46634  0.26236  1.09861  0.40547
      3   1.16930  1.60294  1.83890  1.11134      3 t - - -
          1.38629  1.38629  1.38629  1.38629
          0.00003 11.17356 11.17356  1.46634  0.26236  1.09861  0.40547
      4   1.16365  1.59606  1.87852  1.10218      4 t - - -
          1.38629  1.38629  1.38629  1.38629
          0.00003 11.17356 11.17356  1.46634  0.26236  1.09861  0.40547
      5   1.17120  1.60788  1.80774  1.12188      5 t - - -
          1.38629  1.38629  1.38629  1.38629
          0.00003 11.17356 11.17356  1.46634  0.26236  1.09861  0.40547
      6   1.14885  1.63322  1.86540  1.10003      6 t - - -
          1.38629  1.38629  1.38629  1.38629
          0.00003 11.17356 11.17356  1.46634  0.26236  1.09861  0.40547
      7   1.15681  1.64718  1.82756  1.10228      7 t - - -
          1.38629  1.38629  1.38629  1.38629
          0.00003 11.17356 11.17356  1.46634  0.26236  1.09861  0.40547
      8   1.18889  1.59370  1.85408  1.09163      8 t - - -
          1.38629  1.38629  1.38629  1.38629
          0.00003 11.17356 11.17356  1.46634  0.26236  1.09861  0.40547
      9   1.17836  1.65560  1.82300  1.07970      9 t - - -
          1.38629  1.38629  1.38629  1.38629
          0.00003 11.17356 11.17356  1.46634  0.26236  1.09861  0.40547
     10   1.18836  1.58353  1.86311  1.09411     10 t - - -
          1.38629  1.38629  1.38629  1.38629
          0.00003 11.17356 11.17356  1.46634  0.26236  1.09861  0.40547
     11   1.16867  1.61472  1.87749  1.08678     11 t - - -
          1.38629  1.38629  1.38629  1.38629
          0.00003 11.17356 11.17356  1.46634  0.26236  1.09861  0.40547
     12   1.17215  1.61472  1.89892  1.07405     12 t - - -
          1.38629  1.38629  1.38629  1.38629
          0.00003 11.17356 11.17356  1.46634  0.26236  1.09861  0.40547
     13   1.18479  1.61204  1.83309  1.09425     13 t - - -
          1.38629  1.38629  1.38629  1.38629
          0.00003 11.17356 11.17356  1.46634  0.26236  1.09861  0.40547
     14   1.18431  1.58491  1.88369  1.08753     14 t - - -
          1.38629  1.38629  1.38629  1.38629
          0.00003 11.17356 11.17356  1.46634  0.26236  1.09861  0.40547
     15   1.18396  1.59043  1.87172  1.08993     15 t - - -
          1.38629  1.38629  1.38629  1.38629
          0.00003 11.17356 11.17356  1.46634  0.26236  1.09861  0.40547
     16   1.14571  1.64386  1.89500  1.08337     16 t - - -
          1.38629  1.38629  1.38629  1.38629
          0.00003 11.17356 11.17356  1.46634  0.26236  1.09861  0.40547
     17   1.19234  1.61859  1.86333  1.06957     17 t - - -
          1.38629  1.38629  1.38629  1.38629
          0.00003 11.17356 11.17356  1.46634  0.26236  1.09861  0.40547
     18   1.19081  1.57896  1.82393  1.11339     18 t - - -
          1.38629  1.38629  1.38629  1.38629
          0.00003 11.17356 11.17356  1.46634  0.26236  1.09861  0.40547
     19   1.17165  1.58311  1.91299  1.08717     19 t - - -
          1.38629  1.38629  1.38629  1.38629
          0.00003 11.17356 11.17356  1.46634  0.26236  1.09861  0.40547
     20   1.19202  1.56595  1.88759  1.09044     20 t - - -
          1.38629  1.38629  1.38629  1.38629
          0.00003 11.17356 11.17356  1.46634  0.26236  1.09861  0.40547
     21   1.17315  1.56615  1.82733  1.13656     21 t - - -
          1.38629  1.38629  1.38629  1.38629
          0.00003 11.17356 11.17356  1.46634  0.26236  1.09861  0.40547
     22   1.15339  1.61332  1.84905  1.11528     22 t - - -
          1.38629  1.38629  1.38629  1.38629
          0.00003 11.17356 11.17356  1.46634  0.26236  1.09861  0.40547
     23   1.16229  1.61877  1.91960  1.07171     23 t - - -
          1.38629  1.38629  1.38629  1.38629
          0.00003 11.17356 11.17356  1.46634  0.26236  1.09861  0.40547
     24   1.18792  1.58654  1.84526  1.10103     24 t - - -
          1.38629  1.38629  1.38629  1.38629
          0.00003 11.17356 11.17356  1.46634  0.26236  1.09861  0.40547
     25   1.15025  1.60175  1.83560  1.13202     25 t - - -
          1.38629  1.38629  1.38629  1.38629
          0.00003 11.17356 11.17356  1.46634  0.26236  1.09861  0.40547
     26   1.17054  1.59707  1.86175  1.10289     26 t - - -
          1.38629  1.38629  1.38629  1.38629
          0.00003 11.17356 11.17356  1.46634  0.26236  1.09861  0.40547
     27   1.18695  1.57009  1.85984  1.10526     27 t - - -
          1.38629  1.38629  1.38629  1.38629
          0.00003 11.17356 11.17356  1.46634  0.26236  1.09861  0.40547
     28   1.18205  1.62529  1.87564  1.06933     28 t - - -
          1.38629  1.38629  1.38629  1.38629
          0.00003 11.17356 11.17356  1.46634  0.26236  1.09861  0.40547
     29   1.20167  1.58773  1.82903  1.09556     29 t - - -
          1.38629  1.38629  1.38629  1.38629
          0.00003 11.17356 11.17356  1.46634  0.26236  1.09861  0.40547
     30   1.16772  1.62437  1.83573  1.10144     30 t - - -
          1.38629  1.38629  1.38629  1.38629
          0.00003 11.17356 11.17356  1.46634  0.26236  1.09861  0.40547
     31   1.19203  1.61403  1.82182  1.09189     31 t - - -
          1.38629  1.38629  1.38629  1.38629
          0.00003 11.17356 11.17356  1.46634  0.26236  1.09861  0.40547
     32   1.16874  1.58804  1.87836  1.10239     32 t - - -
          1.38629  1.38629  1.38629  1.38629
          0.00003 11.17356 11.17356  1.46634  0.26236  1.09861  0.40547
     33   1.17341  1.61761  1.82972  1.10305     33 t - - -
          1.38629  1.38629  1.38629  1.38629
          0.00003 11.17356 11.17356  1.46634  0.26236  1.09861  0.40547
     34   1.16919  1.56621  1.89305  1.10887     34 t - - -
          1.38629  1.38629  1.38629  1.38629
          0.00003 11.17356 11.17356  1.46634  0.26236  1.09861  0.40547
     35   1.18658  1.58943  1.85844  1.09428     35 t - - -
          1.38629  1.38629  1.38629  1.38629
          0.00003 11.17356 11.17356  1.46634  0.26236  1.09861  0.40547
     36   1.17013  1.55683  1.84842  1.13512     36 t - - -
          1.38629  1.38629  1.38629  1.38629
          0.00003 11.17356 11.17356  1.46634  0.26236  1.09861  0.40547
     37   1.18139  1.56807  1.85307  1.11491     37 t - - -
          1.38629  1.38629  1.38629  1.38629
          0.00003 11.17356 11.17356  1.46634  0.26236  1.09861  0.40547
     38   1.17741  1.59488  1.84117  1.10758     38 t - - -
          1.38629  1.38629  1.38629  1.38629
          0.00003 11.17356 11.17356  1.46634  0.26236  1.09861  0.40547
     39   1.15644  1.59125  1.81377  1.14355     39 t - - -
          1.38629  1.38629  1.38629  1.38629
          0.00003 11.17356 11.17356  1.46634  0.26236  1.09861  0.40547
     40   1.17002  1.56388  1.86987  1.12033     40 t - - -
          1.38629  1.38629  1.38629  1.38629
          0.00003 11.17356 11.17356  1.46634  0.26236  1.09861  0.40547
     41   1.15905  1.61963  1.84611  1.10747     41 t - - -
          1.38629  1.38629  1.38629  1.38629
          0.00003 11.17356 11.17356  1.46634  0.26236  1.09861  0.40547
     42   1.17035  1.59044  1.83300  1.12093     42 t - - -
          1.38629  1.38629  1.38629  1.38629
          0.00003 11.17356 11.17356  1.46634  0.26236  1.09861  0.40547
     43   1.19326  1.55482  1.87753  1.10090     43 t - - -
          1.38629  1.38629  1.38629  1.38629
          0.00003 11.17356 11.17356  1.46634  0.26236  1.09861  0.40547
     44   1.16559  1.56330  1.85687  1.13117     44 t - - -
          1.38629  1.38629  1.38629  1.38629
          0.00003 11.17356 11.17356  1.46634  0.26236  1.09861  0.40547
     45   1.17571  1.54253  1.86512  1.13108     45 t - - -
          1.38629  1.38629  1.38629  1.38629
          0.00003 11.17356 11.17356  1.46634  0.26236  1.09861  0.40547
     46   1.18318  1.60104  1.84604  1.09618     46 t - - -
          1.38629  1.38629  1.38629  1.38629
          0.00003 11.17356 11.17356  1.46634  0.26236  1.09861  0.40547
     47   1.16659  1.57097  1.87790  1.11529     47 t - - -
          1.38629  1.38629  1.38629  1.38629
          0.00003 11.17356 11.17356  1.46634  0.26236  1.09861  0.40547
     48   1.19074  1.56657  1.80613  1.13024     48 t - - -
          1.38629  1.38629  1.38629  1.38629
          0.00003 11.17356 11.17356  1.46634  0.26236  1.09861  0.40547
     49   1.20632  1.52144  1.88093  1.10910     49 t - - -
          1.38629  1.38629  1.38629  1.38629
          0.00003 11.17356 11.17356  1.46634  0.26236  1.09861  0.40547
     50   1.20838  1.56341  1.83117  1.10361     50 t - - -
          1.38629  1.38629  1.38629  1.38629
          0.00003 11.17356 11.17356  1.46634  0.26236  1.09861  0.40547
     51   1.17460  1.55415  1.86243  1.12580     51 t - - -
          1.38629  1.38629  1.38629  1.38629
          0.00003 11.17356 11.17356  1.46634  0.26236  1.09861  0.40547
     52   1.20128  1.52552  1.83270  1.13413     52 t - - -
          1.38629  1.38629  1.38629  1.38629
          0.00003 11.17356 11.17356  1.46634  0.26236  1.09861  0.40547
     53   1.16763  1.53914  1.82320  1.16212     53 t - - -
          1.38629  1.38629  1.38629  1.38629
          0.00003 11.17356 11.17356  1.46634  0.26236  1.09861  0.40547
     54   1.18077  1.52920  1.86938  1.13311     54 t - - -
          1.38629  1.38629  1.38629  1.38629
          0.00003 11.17356 11.17356  1.46634  0.26236  1.09861  0.40547
     55   1.15979  1.56021  1.84025  1.14704     55 t - - -
          1.38629  1.38629  1.38629  1.38629
          0.00003 11.17356 11.17356  1.46634  0.26236  1.09861  0.40547
     56   1.16322  1.54857  1.81450  1.16459     56 a - - -
          1.38629  1.38629  1.38629  1.38629
          0.00003 11.17356 11.17356  1.46634  0.26236  1.09861  0.40547
     57   1.15941  1.58127  1.84498  1.13138     57 t - - -
          1.38629  1.38629  1.38629  1.38629
          0.00003 11.17356 11.17356  1.46634  0.26236  1.09861  0.40547
     58   1.19636  1.54664  1.79778  1.14232     58 t - - -
          1.38629  1.38629  1.38629  1.38629
          0.00003 11.17356 11.17356  1.46634  0.26236  1.09861  0.40547
     59   1.19926  1.54883  1.81296  1.13036     59 t - - -
          1.38629  1.38629  1.38629  1.38629
          0.00003 11.17356 11.17356  1.46634  0.26236  1.09861  0.40547
     60   1.22396  1.55095  1.72692  1.15183     60 t - - -
          1.38629  1.38629  1.38629  1.38629
          0.00003 11.17356 11.17356  1.46634  0.26236  1.09861  0.40547
     61   1.18792  1.52198  1.83701  1.14705     61 t - - -
          1.38629  1.38629  1.38629  1.38629
          0.00003 11.17356 11.17356  1.46634  0.26236  1.09861  0.40547
     62   1.21454  1.50030  1.78408  1.16430     62 t - - -
          1.38629  1.38629  1.38629  1.38629
          0.00003 11.17356 11.17356  1.46634  0.26236  1.09861  0.40547
     63   1.18971  1.51983  1.84839  1.14115     63 t - - -
          1.38629  1.38629  1.38629  1.38629
          0.00003 11.17356 11.17356  1.46634  0.26236  1.09861  0.40547
     64   1.20035  1.55431  1.76927  1.14848     64 t - - -
          1.38629  1.38629  1.38629  1.38629
          0.00003 11.17356 11.17356  1.46634  0.26236  1.09861  0.40547
     65   1.20394  1.53664  1.79250  1.14463     65 t - - -
          1.38629  1.38629  1.38629  1.38629
          0.00003 11.17356 11.17356  1.46634  0.26236  1.09861  0.40547
     66   1.20973  1.53436  1.73511  1.17199     66 t - - -
          1.38629  1.38629  1.38629  1.38629
          0.00003 11.17356 11.17356  1.46634  0.26236  1.09861  0.40547
     67   1.20900  1.57636  1.77360  1.12376     67 t - - -
          1.38629  1.38629  1.38629  1.38629
          0.00003 11.17356 11.17356  1.46634  0.26236  1.09861  0.40547
     68   1.20306  1.50095  1.74651  1.19591     68 t - - -
          1.38629  1.38629  1.38629  1.38629
          0.00003 11.17356 11.17356  1.46634  0.26236  1.09861  0.40547
     69   1.20227  1.52024  1.75643  1.17710     69 t - - -
          1.38629  1.38629  1.38629  1.38629
          0.00003 11.17356 11.17356  1.46634  0.26236  1.09861  0.40547
     70   1.20672  1.52933  1.75829  1.16538     70 t - - -
          1.38629  1.38629  1.38629  1.38629
          0.00003 11.17356 11.17356  1.46634  0.26236  1.09861  0.40547
     71   1.23085  1.52311  1.73566  1.15951     71 t - - -
          1.38629  1.38629  1.38629  1.38629
          0.00003 11.17356 11.17356  1.46634  0.26236  1.09861  0.40547
     72   1.21874  1.49788  1.81113  1.14783     72 t - - -
          1.38629  1.38629  1.38629  1.38629
          0.00003 11.17356 11.17356  1.46634  0.26236  1.09861  0.40547
     73   1.20499  1.53353  1.76414  1.16092     73 t - - -
          1.38629  1.38629  1.38629  1.38629
          0.00003 11.17356 11.17356  1.46634  0.26236  1.09861  0.40547
     74   1.22707  1.49500  1.74204  1.17948     74 t - - -
          1.38629  1.38629  1.38629  1.38629
          0.00003 11.17356 11.17356  1.46634  0.26236  1.09861  0.40547
     75   1.19068  1.53378  1.79982  1.15538     75 t - - -
          1.38629  1.38629  1.38629  1.38629
          0.00003 11.17356 11.17356  1.46634  0.26236  1.09861  0.40547
     76   1.22256  1.48418  1.74001  1.19297     76 t - - -
          1.38629  1.38629  1.38629  1.38629
          0.00003 11.17356 11.17356  1.46634  0.26236  1.09861  0.40547
     77   1.18234  1.55631  1.74924  1.17564     77 t - - -
          1.38629  1.38629  1.38629  1.38629
          0.00003 11.17356 11.17356  1.46634  0.26236  1.09861  0.40547
     78   1.19294  1.51175  1.76366  1.18832     78 t - - -
          1.38629  1.38629  1.38629  1.38629
          0.00003 11.17356 11.17356  1.46634  0.26236  1.09861  0.40547
     79   1.21993  1.50552  1.76825  1.16406     79 t - - -
          1.38629  1.38629  1.38629  1.38629
          0.00003 11.17356 11.17356  1.46634  0.26236  1.09861  0.40547
     80   1.25407  1.47861  1.72521  1.17581     80 t - - -
          1.38629  1.38629  1.38629  1.38629
          0.00003 11.17356 11.17356  1.46634  0.26236  1.09861  0.40547
     81   1.22855  1.48223  1.72923  1.19491     81 t - - -
          1.38629  1.38629  1.38629  1.38629
          0.00003 11.17356 11.17356  1.46634  0.26236  1.09861  0.40547
     82   1.19113  1.53483  1.70312  1.20893     82 a - - -
          1.38629  1.38629  1.38629  1.38629
          0.00003 11.17356 11.17356  1.46634  0.26236  1.09861  0.40547
     83   1.21021  1.47256  1.74706  1.20985     83 t - - -
          1.38629  1.38629  1.38629  1.38629
          0.00003 11.17356 11.17356  1.46634  0.26236  1.09861  0.40547
     84   1.17969  1.53787  1.76350  1.18304     84 a - - -
          1.38629  1.38629  1.38629  1.38629
          0.00003 11.17356 11.17356  1.46634  0.26236  1.09861  0.40547
     85   1.21401  1.53753  1.74091  1.16243     85 t - - -
          1.38629  1.38629  1.38629  1.38629
          0.00003 11.17356 11.17356  1.46634  0.26236  1.09861  0.40547
     86   1.25473  1.51351  1.66089  1.18829     86 t - - -
          1.38629  1.38629  1.38629  1.38629
          0.00003 11.17356 11.17356  1.46634  0.26236  1.09861  0.40547
     87   1.20809  1.50396  1.71579  1.20677     87 t - - -
          1.38629  1.38629  1.38629  1.38629
          0.00003 11.17356 11.17356  1.46634  0.26236  1.09861  0.40547
     88   1.23226  1.49174  1.69130  1.20695     88 t - - -
          1.38629  1.38629  1.38629  1.38629
          0.00003 11.17356 11.17356  1.46634  0.26236  1.09861  0.40547
     89   1.22884  1.48228  1.74150  1.18747     89 t - - -
          1.38629  1.38629  1.38629  1.38629
          0.00003 11.17356 11.17356  1.46634  0.26236  1.09861  0.40547
     90   1.20269  1.51246  1.68420  1.22535     90 a - - -
          1.38629  1.38629  1.38629  1.38629
          0.00003 11.17356 11.17356  1.46634  0.26236  1.09861  0.40547
     91   1.23997  1.51298  1.67224  1.19558     91 t - - -
          1.38629  1.38629  1.38629  1.38629
          0.00003 11.17356 11.17356  1.46634  0.26236  1.09861  0.40547
     92   1.21705  1.49081  1.67012  1.23620     92 a - - -
          1.38629  1.38629  1.38629  1.38629
          0.00003 11.17356 11.17356  1.46634  0.26236  1.09861  0.40547
     93   1.21722  1.48821  1.72441  1.20432     93 t - - -
          1.38629  1.38629  1.38629  1.38629
          0.00003 11.17356 11.17356  1.46634  0.26236  1.09861  0.40547
     94   1.22658  1.47949  1.71848  1.20527     94 t - - -
          1.38629  1.38629  1.38629  1.38629
          0.00003 11.17356 11.17356  1.46634  0.26236  1.09861  0.40547
     95   1.21640  1.50285  1.71699  1.19864     95 t - - -
          1.38629  1.38629  1.38629  1.38629
          0.00003 11.17356 11.17356  1.46634  0.26236  1.09861  0.40547
     96   1.23195  1.52510  1.67496  1.19283     96 t - - -
          1.38629  1.38629  1.38629  1.38629
          0.00003 11.17356 11.17356  1.46634  0.26236  1.09861  0.40547
     97   1.23338  1.47767  1.67677  1.22571     97 t - - -
          1.38629  1.38629  1.38629  1.38629
          0.00003 11.17356 11.17356  1.46634  0.26236  1.09861  0.40547
     98   1.24258  1.46833  1.67864  1.22273     98 t - - -
          1.38629  1.38629  1.38629  1.38629
          0.00003 11.17356 11.17356  1.46634  0.26236  1.09861  0.40547
     99   1.23471  1.49599  1.63497  1.23755     99 a - - -
          1.38629  1.38629  1.38629  1.38629
          0.00003 11.17356 11.17356  1.46634  0.26236  1.09861  0.40547
    100   1.24772  1.48326  1.68373  1.20309    100 t - - -
          1.38629  1.38629  1.38629  1.38629
          0.00003 11.17356 11.17356  1.46634  0.26236  1.09861  0.40547
    101   1.25773  1.46964  1.67790  1.20756    101 t - - -
          1.38629  1.38629  1.38629  1.38629
          0.00003 11.17356 11.17356  1.46634  0.26236  1.09861  0.40547
    102   1.24967  1.43989  1.67494  1.24088    102 t - - -
          1.38629  1.38629  1.38629  1.38629
          0.00003 11.17356 11.17356  1.46634  0.26236  1.09861  0.40547
    103   1.22696  1.48470  1.66990  1.23107    103 a - - -
          1.38629  1.38629  1.38629  1.38629
          0.00003 11.17356 11.17356  1.46634  0.26236  1.09861  0.40547
    104   1.27770  1.43677  1.64667  1.23465    104 t - - -
          1.38629  1.38629  1.38629  1.38629
          0.00003 11.17356 11.17356  1.46634  0.26236  1.09861  0.40547
    105   1.27360  1.47743  1.60668  1.23306    105 t - - -
          1.38629  1.38629  1.38629  1.38629
          0.00003 11.17356 11.17356  1.46634  0.26236  1.09861  0.40547
    106   1.27097  1.46123  1.66266  1.21115    106 t - - -
          1.38629  1.38629  1.38629  1.38629
          0.00003 11.17356 11.17356  1.46634  0.26236  1.09861  0.40547
    107   1.26576  1.46112  1.66835  1.21254    107 t - - -
          1.38629  1.38629  1.38629  1.38629
          0.00003 11.17356 11.17356  1.46634  0.26236  1.09861  0.40547
    108   1.28968  1.46193  1.62511  1.21752    108 t - - -
          1.38629  1.38629  1.38629  1.38629
          0.00003 11.17356 11.17356  1.46634  0.26236  1.09861  0.40547
    109   1.28776  1.44591  1.63905  1.22276    109 t - - -
          1.38629  1.38629  1.38629  1.38629
          0.00003 11.17356 11.17356  1.46634  0.26236  1.09861  0.40547
    110   1.30865  1.43755  1.58983  1.24359    110 t - - -
          1.38629  1.38629  1.38629  1.38629
          0.00003 11.17356 11.17356  1.46634  0.26236  1.09861  0.40547
    111   1.30258  1.41932  1.63431  1.23373    111 t - - -
          1.38629  1.38629  1.38629  1.38629
          0.00003 11.17356 11.17356  1.46634  0.26236  1.09861  0.40547
    112   1.31455  1.45373  1.59526  1.22128    112 t - - -
          1.38629  1.38629  1.38629  1.38629
          0.00003 11.17356 11.17356  1.46634  0.26236  1.09861  0.40547
    113   1.33764  1.39739  1.59623  1.24606    113 t - - -
          1.38629  1.38629  1.38629  1.38629
          0.00003 11.17356 11.17356  1.46634  0.26236  1.09861  0.40547
    114   1.28340  1.44495  1.61236  1.24573    114 t - - -
          1.38629  1.38629  1.38629  1.38629
          0.00003 11.17356 11.17356  1.46634  0.26236  1.09861  0.40547
    115   1.32192  1.43594  1.57328  1.24437    115 t - - -
          1.38629  1.38629  1.38629  1.38629
          0.00003 11.17356 11.17356  1.46634  0.26236  1.09861  0.40547
    116   1.26321  1.45281  1.60802  1.26210    116 t - - -
          1.38629  1.38629  1.38629  1.38629
          0.00003 11.17356 11.17356  1.46634  0.26236  1.09861  0.40547
    117   1.30474  1.43196  1.58518  1.25525    117 t - - -
          1.38629  1.38629  1.38629  1.38629
          0.00003 11.17356 11.17356  1.46634  0.26236  1.09861  0.40547
    118   1.30637  1.43183  1.60564  1.23937    118 t - - -
          1.38629  1.38629  1.38629  1.38629
          0.00003 11.17356 11.17356  1.46634  0.26236  1.09861  0.40547
    119   1.32648  1.41478  1.56691  1.26259    119 t - - -
          1.38629  1.38629  1.38629  1.38629
          0.00003 11.17356 11.17356  1.46634  0.26236  1.09861  0.40547
    120   1.27896  1.43035  1.63110  1.24920    120 t - - -
          1.38629  1.38629  1.38629  1.38629
          0.00003 11.17356 11.17356  1.46634  0.26236  1.09861  0.40547
    121   1.30732  1.42813  1.56214  1.27292    121 t - - -
          1.38629  1.38629  1.38629  1.38629
          0.00003 11.17356 11.17356  1.46634  0.26236  1.09861  0.40547
    122   1.31868  1.42209  1.58920  1.24753    122 t - - -
          1.38629  1.38629  1.38629  1.38629
          0.00003 11.17356 11.17356  1.46634  0.26236  1.09861  0.40547
    123   1.34207  1.41724  1.55253  1.25666    123 t - - -
          1.38629  1.38629  1.38629  1.38629
          0.00003 11.17356 11.17356  1.46634  0.26236  1.09861  0.40547
    124   1.33660  1.40092  1.54463  1.28193    124 t - - -
          1.38629  1.38629  1.38629  1.38629
          0.00003 11.17356 11.17356  1.46634  0.26236  1.09861  0.40547
    125   1.34547  1.42663  1.54996  1.24755    125 t - - -
          1.38629  1.38629  1.38629  1.38629
          0.00003 11.17356 11.17356  1.46634  0.26236  1.09861  0.40547
    126   1.31697  1.45830  1.53612  1.25805    126 t - - -
          1.38629  1.38629  1.38629  1.38629
          0.00003 11.17356 11.17356  1.46634  0.26236  1.09861  0.40547
    127   1.34461  1.42324  1.51804  1.27553    127 t - - -
          1.38629  1.38629  1.38629  1.38629
          0.00003 11.17356 11.17356  1.46634  0.26236  1.09861  0.40547
    128   1.36429  1.40452  1.52574  1.26764    128 t - - -
          1.38629  1.38629  1.38629  1.38629
          0.00003 11.17356 11.17356  1.46634  0.26236  1.09861  0.40547
    129   1.37388  1.40411  1.49176  1.28622    129 t - - -
          1.38629  1.38629  1.38629  1.38629
          0.00003 11.17356 11.17356  1.46634  0.26236  1.09861  0.40547
    130   1.36008  1.40360  1.51058  1.28422    130 t - - -
          1.38629  1.38629  1.38629  1.38629
          0.00003 11.17356 11.17356  1.46634  0.26236  1.09861  0.40547
    131   1.37313  1.42615  1.50328  1.25859    131 t - - -
          1.38629  1.38629  1.38629  1.38629
          0.00003 11.17356 11.17356  1.46634  0.26236  1.09861  0.40547
    132   1.34486  1.39927  1.53545  1.28270    132 t - - -
          1.38629  1.38629  1.38629  1.38629
          0.00003 11.17356 11.17356  1.46634  0.26236  1.09861  0.40547
    133   1.37178  1.36478  1.56095  1.26949    133 t - - -
          1.38629  1.38629  1.38629  1.38629
          0.00003 11.17356 11.17356  1.46634  0.26236  1.09861  0.40547
    134   1.38386  1.41972  1.49060  1.26453    134 t - - -
          1.38629  1.38629  1.38629  1.38629
          0.00003 11.17356 11.17356  1.46634  0.26236  1.09861  0.40547
    135   1.36412  1.36509  1.54106  1.29141    135 t - - -
          1.38629  1.38629  1.38629  1.38629
          0.00003 11.17356 11.17356  1.46634  0.26236  1.09861  0.40547
    136   1.39710  1.36779  1.53613  1.26300    136 t - - -
          1.38629  1.38629  1.38629  1.38629
          0.00003 11.17356 11.17356  1.46634  0.26236  1.09861  0.40547
    137   1.35602  1.42447  1.47013  1.30274    137 t - - -
          1.38629  1.38629  1.38629  1.38629
          0.00003 11.17356 11.17356  1.46634  0.26236  1.09861  0.40547
    138   1.36360  1.37636  1.54686  1.27708    138 t - - -
          1.38629  1.38629  1.38629  1.38629
          0.00003 11.17356 11.17356  1.46634  0.26236  1.09861  0.40547
    139   1.38091  1.38649  1.53110  1.26443    139 t - - -
          1.38629  1.38629  1.38629  1.38629
          0.00003 11.17356 11.17356  1.46634  0.26236  1.09861  0.40547
    140   1.36831  1.37671  1.54543  1.27355    140 t - - -
          1.38629  1.38629  1.38629  1.38629
          0.00003 11.17356 11.17356  1.46634  0.26236  1.09861  0.40547
    141   1.38933  1.39363  1.53679  1.24648    141 t - - -
          1.38629  1.38629  1.38629  1.38629
          0.00003 11.17356 11.17356  1.46634  0.26236  1.09861  0.40547
    142   1.39064  1.36697  1.50988  1.29001    142 t - - -
          1.38629  1.38629  1.38629  1.38629
          0.00003 11.17356 11.17356  1.46634  0.26236  1.09861  0.40547
    143   1.37325  1.40676  1.51934  1.26256    143 t - - -
          1.38629  1.38629  1.38629  1.38629
          0.00003 11.17356 11.17356  1.46634  0.26236  1.09861  0.40547
    144   1.41397  1.39272  1.47962  1.27046    144 t - - -
          1.38629  1.38629  1.38629  1.38629
          0.00003 11.17356 11.17356  1.46634  0.26236  1.09861  0.40547
    145   1.37406  1.36870  1.50680  1.30613    145 t - - -
          1.38629  1.38629  1.38629  1.38629
          0.00003 11.17356 11.17356  1.46634  0.26236  1.09861  0.40547
    146   1.44191  1.34288  1.51030  1.26731    146 t - - -
          1.38629  1.38629  1.38629  1.38629
          0.00003 11.17356 11.17356  1.46634  0.26236  1.09861  0.40547
    147   1.42293  1.35392  1.48582  1.29299    147 t - - -
          1.38629  1.38629  1.38629  1.38629
          0.00003 11.17356 11.17356  1.46634  0.26236  1.09861  0.40547
    148   1.45677  1.33718  1.46468  1.29727    148 t - - -
          1.38629  1.38629  1.38629  1.38629
          0.00003 11.17356 11.17356  1.46634  0.26236  1.09861  0.40547
    149   1.45429  1.37399  1.43668  1.28872    149 t - - -
          1.38629  1.38629  1.38629  1.38629
          0.00003 11.17356 11.17356  1.46634  0.26236  1.09861  0.40547
    150   1.46396  1.33468  1.49223  1.27093    150 t - - -
          1.38629  1.38629  1.38629  1.38629
          0.00003 11.17356 11.17356  1.46634  0.26236  1.09861  0.40547
    151   1.45816  1.35072  1.48799  1.26424    151 t - - -
          1.38629  1.38629  1.38629  1.38629
          0.00003 11.17356 11.17356  1.46634  0.26236  1.09861  0.40547
    152   1.45910  1.34040  1.50151  1.26224    152 t - - -
          1.38629  1.38629  1.38629  1.38629
          0.00003 11.17356 11.17356  1.46634  0.26236  1.09861  0.40547
    153   1.47367  1.28607  1.50841  1.29719    153 c - - -
          1.38629  1.38629  1.38629  1.38629
          0.00003 11.17356 11.17356  1.46634  0.26236  1.09861  0.40547
    154   1.47611  1.30700  1.52357  1.26262    154 t - - -
          1.38629  1.38629  1.38629  1.38629
          0.00003 11.17356 11.17356  1.46634  0.26236  1.09861  0.40547
    155   1.45744  1.26884  1.56283  1.28566    155 c - - -
          1.38629  1.38629  1.38629  1.38629
          0.00003 11.17356 11.17356  1.46634  0.26236  1.09861  0.40547
    156   1.45286  1.28533  1.54593  1.28580    156 c - - -
          1.38629  1.38629  1.38629  1.38629
          0.00003 11.17356 11.17356  1.46634  0.26236  1.09861  0.40547
    157   1.48588  1.24741  1.51007  1.32593    157 c - - -
          1.38629  1.38629  1.38629  1.38629
          0.00003 11.17356 11.17356  1.46634  0.26236  1.09861  0.40547
    158   1.49085  1.26513  1.50556  1.30665    158 c - - -
          1.38629  1.38629  1.38629  1.38629
          0.00003 11.17356 11.17356  1.46634  0.26236  1.09861  0.40547
    159   1.47535  1.26522  1.52961  1.30010    159 c - - -
          1.38629  1.38629  1.38629  1.38629
          0.00003 11.17356 11.17356  1.46634  0.26236  1.09861  0.40547
    160   1.43787  1.27054  1.56745  1.29714    160 c - - -
          1.38629  1.38629  1.38629  1.38629
          0.00003 11.17356 11.17356  1.46634  0.26236  1.09861  0.40547
    161   1.42476  1.29878  1.55413  1.29027    161 t - - -
          1.38629  1.38629  1.38629  1.38629
          0.00003 11.17356 11.17356  1.46634  0.26236  1.09861  0.40547
    162   1.40953  1.35363  1.59187  1.22453    162 t - - -
          1.38629  1.38629  1.38629  1.38629
          0.00003 11.17356 11.17356  1.46634  0.26236  1.09861  0.40547
    163   1.41990  1.31625  1.57663  1.26071    163 t - - -
          1.38629  1.38629  1.38629  1.38629
          0.00003 11.17356 11.17356  1.46634  0.26236  1.09861  0.40547
    164   1.37455  1.35685  1.59871  1.24681    164 t - - -
          1.38629  1.38629  1.38629  1.38629
          0.00003 11.17356 11.17356  1.46634  0.26236  1.09861  0.40547
    165   1.37560  1.36933  1.59165  1.23980    165 t - - -
          1.38629  1.38629  1.38629  1.38629
          0.00003 11.17356 11.17356  1.46634  0.26236  1.09861  0.40547
    166   1.41967  1.37734  1.55714  1.22004    166 t - - -
          1.38629  1.38629  1.38629  1.38629
          0.00003 11.17356 11.17356  1.46634  0.26236  1.09861  0.40547
    167   1.43200  1.36169  1.60478  1.19071    167 t - - -
          1.38629  1.38629  1.38629  1.38629
          0.00003 11.17356 11.17356  1.46634  0.26236  1.09861  0.40547
    168   1.46384  1.36486  1.57054  1.18644    168 t - - -
          1.38629  1.38629  1.38629  1.38629
          0.00003 11.17356 11.17356  1.46634  0.26236  1.09861  0.40547
    169   1.48484  1.32089  1.58842  1.19628    169 t - - -
          1.38629  1.38629  1.38629  1.38629
          0.00003 11.17356 11.17356  1.46634  0.26236  1.09861  0.40547
    170   1.51995  1.34617  1.64309  1.11578    170 t - - -
          1.38629  1.38629  1.38629  1.38629
          0.00003 11.17356 11.17356  1.46634  0.26236  1.09861  0.40547
    171   1.38591  1.38303  1.74817  1.12395    171 t - - -
          1.38629  1.38629  1.38629  1.38629
          0.00003 11.17356 11.17356  1.46634  0.26236  1.09861  0.40547
    172   1.32742  1.39150  1.75887  1.15869    172 t - - -
          1.38629  1.38629  1.38629  1.38629
          0.00003 11.17356 11.17356  1.46634  0.26236  1.09861  0.40547
    173   1.24514  1.42268  1.73067  1.22463    173 t - - -
          1.38629  1.38629  1.38629  1.38629
          0.00003 11.17356 11.17356  1.46634  0.26236  1.09861  0.40547
    174   1.20791  1.42563  1.75535  1.24489    174 a - - -
          1.38629  1.38629  1.38629  1.38629
          0.00003 11.17356 11.17356  1.46634  0.26236  1.09861  0.40547
    175   1.21514  1.42894  1.65665  1.29832    175 a - - -
          1.38629  1.38629  1.38629  1.38629
          0.00003 11.17356 11.17356  1.46634  0.26236  1.09861  0.40547
    176   1.24305  1.45959  1.63101  1.26078    176 a - - -
          1.38629  1.38629  1.38629  1.38629
          0.00003 11.17356 11.17356  1.46634  0.26236  1.09861  0.40547
    177   1.31422  1.41214  1.53217  1.30333    177 t - - -
          1.38629  1.38629  1.38629  1.38629
          0.00003 11.17356 11.17356  1.46634  0.26236  1.09861  0.40547
    178   1.41827  1.34560  1.49721  1.29561    178 t - - -
          1.38629  1.38629  1.38629  1.38629
          0.00003 11.17356 11.17356  1.46634  0.26236  1.09861  0.40547
    179   1.46180  1.31180  1.53371  1.26191    179 t - - -
          1.38629  1.38629  1.38629  1.38629
          0.00003 11.17356 11.17356  1.46634  0.26236  1.09861  0.40547
    180   1.46219  1.30621  1.55533  1.25069    180 t - - -
          1.38629  1.38629  1.38629  1.38629
          0.00003 11.17356 11.17356  1.46634  0.26236  1.09861  0.40547
    181   1.45194  1.35942  1.63610  1.15729    181 t - - -
          1.38629  1.38629  1.38629  1.38629
          0.00003 11.17356 11.17356  1.46634  0.26236  1.09861  0.40547
    182   1.50293  1.36679  1.57770  1.15154    182 t - - -
          1.38629  1.38629  1.38629  1.38629
          0.00003 11.17356 11.17356  1.46634  0.26236  1.09861  0.40547
    183   1.47229  1.38809  1.55996  1.16827    183 t - - -
          1.38629  1.38629  1.38629  1.38629
          0.00003 11.17356 11.17356  1.46634  0.26236  1.09861  0.40547
    184   1.44232  1.34377  1.64450  1.17231    184 t - - -
          1.38629  1.38629  1.38629  1.38629
          0.00003 11.17356 11.17356  1.46634  0.26236  1.09861  0.40547
    185   1.38413  1.41381  1.62883  1.17091    185 t - - -
          1.38629  1.38629  1.38629  1.38629
          0.00003 11.17356 11.17356  1.46634  0.26236  1.09861  0.40547
    186   1.41446  1.41245  1.61560  1.15637    186 t - - -
          1.38629  1.38629  1.38629  1.38629
          0.00003 11.17356 11.17356  1.46634  0.26236  1.09861  0.40547
    187   1.45015  1.37782  1.61035  1.15990    187 t - - -
          1.38629  1.38629  1.38629  1.38629
          0.00003 11.17356 11.17356  1.46634  0.26236  1.09861  0.40547
    188   1.45685  1.36946  1.59245  1.17325    188 t - - -
          1.38629  1.38629  1.38629  1.38629
          0.00003 11.17356 11.17356  1.46634  0.26236  1.09861  0.40547
    189   1.48683  1.28743  1.57235  1.23658    189 t - - -
          1.38629  1.38629  1.38629  1.38629
          0.00003 11.17356 11.17356  1.46634  0.26236  1.09861  0.40547
    190   1.43815  1.30924  1.62442  1.21881    190 t - - -
          1.38629  1.38629  1.38629  1.38629
          0.00003 11.17356 11.17356  1.46634  0.26236  1.09861  0.40547
    191   1.39396  1.38311  1.65909  1.16861    191 t - - -
          1.38629  1.38629  1.38629  1.38629
          0.00003 11.17356 11.17356  1.46634  0.26236  1.09861  0.40547
    192   1.43521  1.49976  1.66891  1.04897    192 t - - -
          1.38629  1.38629  1.38629  1.38629
          0.00003 11.17356 11.17356  1.46634  0.26236  1.09861  0.40547
    193   1.39956  1.49418  1.71442  1.05328    193 t - - -
          1.38629  1.38629  1.38629  1.38629
          0.00003 11.17356 11.17356  1.46634  0.26236  1.09861  0.40547
    194   1.37113  1.47875  1.84588  1.02062    194 t - - -
          1.38629  1.38629  1.38629  1.38629
          0.00003 11.17356 11.17356  1.46634  0.26236  1.09861  0.40547
    195   1.35096  1.45678  1.90390  1.02433    195 t - - -
          1.38629  1.38629  1.38629  1.38629
          0.00003 11.17356 11.17356  1.46634  0.26236  1.09861  0.40547
    196   1.39378  1.35224  2.02173  1.01949    196 t - - -
          1.38629  1.38629  1.38629  1.38629
          0.00003 11.17356 11.17356  1.46634  0.26236  1.09861  0.40547
    197   1.36503  1.25710  1.93916  1.15099    197 t - - -
          1.38629  1.38629  1.38629  1.38629
          0.00003 11.17356 11.17356  1.46634  0.26236  1.09861  0.40547
    198   1.51519  1.57502  1.67184  0.95365    198 t - - -
          1.38629  1.38629  1.38629  1.38629
          0.00003 11.17356 11.17356  1.46634  0.26236  1.09861  0.40547
    199   2.04639  1.65272  2.05774  0.59506    199 t - - -
          1.38629  1.38629  1.38629  1.38629
          0.00003 11.17356 11.17356  1.46634  0.26236  1.09861  0.40547
    200   4.23534  0.50804  3.88065  1.01275    200 c - - -
          1.38629  1.38629  1.38629  1.38629
          0.00003 11.17356 11.17356  1.46634  0.26236  1.09861  0.40547
    201   0.23621  3.04449  1.91943  4.13046    201 a - - -
          1.38629  1.38629  1.38629  1.38629
          0.00003 11.17356 11.17356  1.46634  0.26236  1.09861  0.40547
    202   1.60343  1.66756  2.16816  0.70179    202 t - - -
          1.38629  1.38629  1.38629  1.38629
          0.00003 11.17356 11.17356  1.46634  0.26236  1.09861  0.40547
    203   1.54188  2.06383  2.71145  0.52321    203 t - - -
          1.38629  1.38629  1.38629  1.38629
          0.00003 11.17356 11.17356  1.46634  0.26236  1.09861  0.40547
    204   1.78438  1.31354  1.94443  0.86711    204 t - - -
          1.38629  1.38629  1.38629  1.38629
          0.00003 11.17356 11.17356  1.46634  0.26236  1.09861  0.40547
    205   1.68382  1.60155  1.79545  0.80587    205 t - - -
          1.38629  1.38629  1.38629  1.38629
          0.00003 11.17356 11.17356  1.46634  0.26236  1.09861  0.40547
    206   1.64016  1.44398  1.77434  0.91512    206 t - - -
          1.38629  1.38629  1.38629  1.38629
          0.00003 11.17356 11.17356  1.46634  0.26236  1.09861  0.40547
    207   1.58366  1.44084  1.77989  0.94317    207 t - - -
          1.38629  1.38629  1.38629  1.38629
          0.00003 11.17356 11.17356  1.46634  0.26236  1.09861  0.40547
    208   1.55937  1.43211  1.78612  0.95890    208 t - - -
          1.38629  1.38629  1.38629  1.38629
          0.00003 11.17356 11.17356  1.46634  0.26236  1.09861  0.40547
    209   1.59340  1.34720  1.84839  0.96941    209 t - - -
          1.38629  1.38629  1.38629  1.38629
          0.00003 11.17356 11.17356  1.46634  0.26236  1.09861  0.40547
    210   1.67876  1.47757  1.69801  0.91092    210 t - - -
          1.38629  1.38629  1.38629  1.38629
          0.00003 11.17356 11.17356  1.46634  0.26236  1.09861  0.40547
    211   1.61818  1.51181  1.64228  0.94754    211 t - - -
          1.38629  1.38629  1.38629  1.38629
          0.00003 11.17356 11.17356  1.46634  0.26236  1.09861  0.40547
    212   1.59173  1.51693  1.62487  0.96730    212 t - - -
          1.38629  1.38629  1.38629  1.38629
          0.00003 11.17356 11.17356  1.46634  0.26236  1.09861  0.40547
    213   1.51378  1.53925  1.64597  0.98737    213 t - - -
          1.38629  1.38629  1.38629  1.38629
          0.00003 11.17356 11.17356  1.46634  0.26236  1.09861  0.40547
    214   1.61562  1.41548  1.61836  1.02110    214 t - - -
          1.38629  1.38629  1.38629  1.38629
          0.00003 11.17356 11.17356  1.46634  0.26236  1.09861  0.40547
    215   1.57904  1.38341  1.66881  1.03667    215 t - - -
          1.38629  1.38629  1.38629  1.38629
          0.00003 11.17356 11.17356  1.46634  0.26236  1.09861  0.40547
    216   1.60070  1.33758  1.63817  1.07461    216 t - - -
          1.38629  1.38629  1.38629  1.38629
          0.00003 11.17356 11.17356  1.46634  0.26236  1.09861  0.40547
    217   1.61023  1.32218  1.63504  1.08275    217 t - - -
          1.38629  1.38629  1.38629  1.38629
          0.00003 11.17356 11.17356  1.46634  0.26236  1.09861  0.40547
    218   1.59830  1.25885  1.54971  1.19909    218 t - - -
          1.38629  1.38629  1.38629  1.38629
          0.00003 11.17356 11.17356  1.46634  0.26236  1.09861  0.40547
    219   1.49320  1.27279  1.53758  1.27155    219 t - - -
          1.38629  1.38629  1.38629  1.38629
          0.00003 11.17356 11.17356  1.46634  0.26236  1.09861  0.40547
    220   1.46833  1.35798  1.60962  1.16301    220 t - - -
          1.38629  1.38629  1.38629  1.38629
          0.00003 11.17356 11.17356  1.46634  0.26236  1.09861  0.40547
    221   1.47266  1.35490  1.57757  1.18341    221 t - - -
          1.38629  1.38629  1.38629  1.38629
          0.00003 11.17356 11.17356  1.46634  0.26236  1.09861  0.40547
    222   1.39831  1.41843  1.60205  1.17309    222 t - - -
          1.38629  1.38629  1.38629  1.38629
          0.00003 11.17356 11.17356  1.46634  0.26236  1.09861  0.40547
    223   1.41115  1.43643  1.56013  1.17683    223 t - - -
          1.38629  1.38629  1.38629  1.38629
          0.00003 11.17356 11.17356  1.46634  0.26236  1.09861  0.40547
    224   1.39610  1.49637  1.59126  1.12446    224 t - - -
          1.38629  1.38629  1.38629  1.38629
          0.00003 11.17356 11.17356  1.46634  0.26236  1.09861  0.40547
    225   1.38927  1.57131  1.56589  1.09642    225 t - - -
          1.38629  1.38629  1.38629  1.38629
          0.00003 11.17356 11.17356  1.46634  0.26236  1.09861  0.40547
    226   1.39587  1.52302  1.63050  1.08323    226 t - - -
          1.38629  1.38629  1.38629  1.38629
          0.00003 11.17356 11.17356  1.46634  0.26236  1.09861  0.40547
    227   1.44319  1.44586  1.63851  1.09657    227 t - - -
          1.38629  1.38629  1.38629  1.38629
          0.00003 11.17356 11.17356  1.46634  0.26236  1.09861  0.40547
    228   1.51178  1.45069  1.61161  1.06273    228 t - - -
          1.38629  1.38629  1.38629  1.38629
          0.00003 11.17356 11.17356  1.46634  0.26236  1.09861  0.40547
    229   1.49599  1.50761  1.57903  1.05452    229 t - - -
          1.38629  1.38629  1.38629  1.38629
          0.00003 11.17356 11.17356  1.46634  0.26236  1.09861  0.40547
    230   1.58948  1.41928  1.60286  1.04197    230 t - - -
          1.38629  1.38629  1.38629  1.38629
          0.00003 11.17356 11.17356  1.46634  0.26236  1.09861  0.40547
    231   1.58776  1.40626  1.71652  0.99191    231 t - - -
          1.38629  1.38629  1.38629  1.38629
          0.00003 11.17356 11.17356  1.46634  0.26236  1.09861  0.40547
    232   1.54915  1.46901  1.71812  0.97282    232 t - - -
          1.38629  1.38629  1.38629  1.38629
          0.00003 11.17356 11.17356  1.46634  0.26236  1.09861  0.40547
    233   1.52342  1.55489  1.68867  0.95177    233 t - - -
          1.38629  1.38629  1.38629  1.38629
          0.00003 11.17356 11.17356  1.46634  0.26236  1.09861  0.40547
    234   1.46266  1.56350  1.83402  0.91827    234 t - - -
          1.38629  1.38629  1.38629  1.38629
          0.00003 11.17356 11.17356  1.46634  0.26236  1.09861  0.40547
    235   1.47869  1.52452  1.92709  0.89461    235 t - - -
          1.38629  1.38629  1.38629  1.38629
          0.00003 11.17356 11.17356  1.46634  0.26236  1.09861  0.40547
    236   1.46176  1.57375  1.93224  0.87687    236 t - - -
          1.38629  1.38629  1.38629  1.38629
          0.00003 11.17356 11.17356  1.46634  0.26236  1.09861  0.40547
    237   1.50261  1.53711  1.89982  0.88466    237 t - - -
          1.38629  1.38629  1.38629  1.38629
          0.00003 11.17356 11.17356  1.46634  0.26236  1.09861  0.40547
    238   1.48694  1.57250  1.90586  0.87295    238 t - - -
          1.38629  1.38629  1.38629  1.38629
          0.00003 11.17356 11.17356  1.46634  0.26236  1.09861  0.40547
    239   1.46360  1.58624  1.87518  0.89019    239 t - - -
          1.38629  1.38629  1.38629  1.38629
          0.00003 11.17356 11.17356  1.46634  0.26236  1.09861  0.40547
    240   1.47924  1.59598  1.89106  0.87092    240 t - - -
          1.38629  1.38629  1.38629  1.38629
          0.00003 11.17356 11.17356  1.46634  0.26236  1.09861  0.40547
    241   1.46411  1.59559  1.80986  0.91067    241 t - - -
          1.38629  1.38629  1.38629  1.38629
          0.00003 11.17356 11.17356  1.46634  0.26236  1.09861  0.40547
    242   1.43824  1.57749  1.92781  0.88990    242 t - - -
          1.38629  1.38629  1.38629  1.38629
          0.00003 11.17356 11.17356  1.46634  0.26236  1.09861  0.40547
    243   1.40589  1.60348  1.90256  0.90518    243 t - - -
          1.38629  1.38629  1.38629  1.38629
          0.00003 11.17356 11.17356  1.46634  0.26236  1.09861  0.40547
    244   1.42178  1.58179  1.93824  0.89367    244 t - - -
          1.38629  1.38629  1.38629  1.38629
          0.00003 11.17356 11.17356  1.46634  0.26236  1.09861  0.40547
    245   1.44966  1.58206  1.90033  0.89092    245 t - - -
          1.38629  1.38629  1.38629  1.38629
          0.00003 11.17356 11.17356  1.46634  0.26236  1.09861  0.40547
    246   1.47359  1.58842  1.83208  0.90000    246 t - - -
          1.38629  1.38629  1.38629  1.38629
          0.00003 11.17356 11.17356  1.46634  0.26236  1.09861  0.40547
    247   1.46856  1.57390  1.85437  0.90151    247 t - - -
          1.38629  1.38629  1.38629  1.38629
          0.00003 11.17356 11.17356  1.46634  0.26236  1.09861  0.40547
    248   1.46196  1.55719  1.88641  0.90171    248 t - - -
          1.38629  1.38629  1.38629  1.38629
          0.00003 11.17356 11.17356  1.46634  0.26236  1.09861  0.40547
    249   1.44429  1.61633  1.86851  0.88890    249 t - - -
          1.38629  1.38629  1.38629  1.38629
          0.00003 11.17356 11.17356  1.46634  0.26236  1.09861  0.40547
    250   1.40086  1.59821  1.84177  0.93440    250 t - - -
          1.38629  1.38629  1.38629  1.38629
          0.00003 11.17356 11.17356  1.46634  0.26236  1.09861  0.40547
    251   1.39751  1.64701  1.87431  0.89967    251 t - - -
          1.38629  1.38629  1.38629  1.38629
          0.00003 11.17356 11.17356  1.46634  0.26236  1.09861  0.40547
    252   1.36513  1.68974  1.85751  0.90628    252 t - - -
          1.38629  1.38629  1.38629  1.38629
          0.00003 11.17356 11.17356  1.46634  0.26236  1.09861  0.40547
    253   1.36176  1.65689  1.89704  0.90870    253 t - - -
          1.38629  1.38629  1.38629  1.38629
          0.00003 11.17356 11.17356  1.46634  0.26236  1.09861  0.40547
    254   1.35903  1.71203  1.88174  0.89095    254 t - - -
          1.38629  1.38629  1.38629  1.38629
          0.00003 11.17356 11.17356  1.46634  0.26236  1.09861  0.40547
    255   1.38944  1.64651  1.90763  0.89250    255 t - - -
          1.38629  1.38629  1.38629  1.38629
          0.00003 11.17356 11.17356  1.46634  0.26236  1.09861  0.40547
    256   1.35304  1.67110  1.92720  0.89661    256 t - - -
          1.38629  1.38629  1.38629  1.38629
          0.00003 11.17356 11.17356  1.46634  0.26236  1.09861  0.40547
    257   1.35861  1.61754  1.93337  0.91645    257 t - - -
          1.38629  1.38629  1.38629  1.38629
          0.00003 11.17356 11.17356  1.46634  0.26236  1.09861  0.40547
    258   1.34361  1.65672  1.86045  0.93463    258 t - - -
          1.38629  1.38629  1.38629  1.38629
          0.00003 11.17356 11.17356  1.46634  0.26236  1.09861  0.40547
    259   1.34226  1.66574  1.93500  0.90320    259 t - - -
          1.38629  1.38629  1.38629  1.38629
          0.00003 11.17356 11.17356  1.46634  0.26236  1.09861  0.40547
    260   1.32907  1.68406  1.90186  0.91537    260 t - - -
          1.38629  1.38629  1.38629  1.38629
          0.00003 11.17356 11.17356  1.46634  0.26236  1.09861  0.40547
    261   1.35726  1.67733  1.89316  0.90346    261 t - - -
          1.38629  1.38629  1.38629  1.38629
          0.00003 11.17356 11.17356  1.46634  0.26236  1.09861  0.40547
    262   1.32911  1.67732  1.86118  0.93414    262 t - - -
          1.38629  1.38629  1.38629  1.38629
          0.00003 11.17356 11.17356  1.46634  0.26236  1.09861  0.40547
    263   1.33383  1.74833  1.85756  0.90037    263 t - - -
          1.38629  1.38629  1.38629  1.38629
          0.00003 11.17356 11.17356  1.46634  0.26236  1.09861  0.40547
    264   1.29696  1.70747  1.89082  0.93048    264 t - - -
          1.38629  1.38629  1.38629  1.38629
          0.00003 11.17356 11.17356  1.46634  0.26236  1.09861  0.40547
    265   1.31778  1.68210  1.93497  0.91166    265 t - - -
          1.38629  1.38629  1.38629  1.38629
          0.00003 11.17356 11.17356  1.46634  0.26236  1.09861  0.40547
    266   1.30458  1.70745  1.89720  0.92281    266 t - - -
          1.38629  1.38629  1.38629  1.38629
          0.00003 11.17356 11.17356  1.46634  0.26236  1.09861  0.40547
    267   1.33525  1.66994  1.88348  0.92485    267 t - - -
          1.38629  1.38629  1.38629  1.38629
          0.00003 11.17356 11.17356  1.46634  0.26236  1.09861  0.40547
    268   1.30820  1.68129  1.88318  0.93789    268 t - - -
          1.38629  1.38629  1.38629  1.38629
          0.00003 11.17356 11.17356  1.46634  0.26236  1.09861  0.40547
    269   1.31605  1.67115  1.81710  0.96422    269 t - - -
          1.38629  1.38629  1.38629  1.38629
          0.00003 11.17356 11.17356  1.46634  0.26236  1.09861  0.40547
    270   1.31235  1.68647  1.81969  0.95825    270 t - - -
          1.38629  1.38629  1.38629  1.38629
          0.00003 11.17356 11.17356  1.46634  0.26236  1.09861  0.40547
    271   1.27058  1.68702  1.83997  0.97966    271 t - - -
          1.38629  1.38629  1.38629  1.38629
          0.00003 11.17356 11.17356  1.46634  0.26236  1.09861  0.40547
    272   1.29616  1.71482  1.84779  0.94459    272 t - - -
          1.38629  1.38629  1.38629  1.38629
          0.00003 11.17356 11.17356  1.46634  0.26236  1.09861  0.40547
    273   1.28178  1.73177  1.86909  0.93848    273 t - - -
          1.38629  1.38629  1.38629  1.38629
          0.00003 11.17356 11.17356  1.46634  0.26236  1.09861  0.40547
    274   1.28322  1.74561  1.84872  0.93936    274 t - - -
          1.38629  1.38629  1.38629  1.38629
          0.00003 11.17356 11.17356  1.46634  0.26236  1.09861  0.40547
    275   1.27559  1.76190  1.83477  0.94324    275 t - - -
          1.38629  1.38629  1.38629  1.38629
          0.00003 11.17356 11.17356  1.46634  0.26236  1.09861  0.40547
    276   1.26813  1.67012  1.96117  0.94232    276 t - - -
          1.38629  1.38629  1.38629  1.38629
          0.00003 11.17356 11.17356  1.46634  0.26236  1.09861  0.40547
    277   1.29103  1.71397  1.84499  0.94975    277 t - - -
          1.38629  1.38629  1.38629  1.38629
          0.00003 11.17356 11.17356  1.46634  0.26236  1.09861  0.40547
    278   1.26632  1.68638  1.84931  0.97923    278 t - - -
          1.38629  1.38629  1.38629  1.38629
          0.00003 11.17356 11.17356  1.46634  0.26236  1.09861  0.40547
    279   1.32086  1.65729  1.80959  0.97096    279 t - - -
          1.38629  1.38629  1.38629  1.38629
          0.00003 11.17356 11.17356  1.46634  0.26236  1.09861  0.40547
    280   1.30069  1.69311  1.82270  0.96202    280 t - - -
          1.38629  1.38629  1.38629  1.38629
          0.00003 11.17356 11.17356  1.46634  0.26236  1.09861  0.40547
    281   1.31212  1.71216  1.80432  0.95272    281 t - - -
          1.38629  1.38629  1.38629  1.38629
          0.00003 11.17356 11.17356  1.46634  0.26236  1.09861  0.40547
    282   1.27486  1.72742  1.85174  0.95237    282 t - - -
          1.38629  1.38629  1.38629  1.38629
          0.00003 11.17356 11.17356  1.46634  0.26236  1.09861  0.40547
    283   1.22561  1.73107  1.88937  0.97244    283 t - - -
          1.38629  1.38629  1.38629  1.38629
          0.00003 11.17356 11.17356  1.46634  0.26236  1.09861  0.40547
    284   1.24035  1.75552  1.85257  0.96478    284 t - - -
          1.38629  1.38629  1.38629  1.38629
          0.00003 11.17356 11.17356  1.46634  0.26236  1.09861  0.40547
    285   1.23188  1.71775  1.84328  0.99293    285 t - - -
          1.38629  1.38629  1.38629  1.38629
          0.00003 11.17356 11.17356  1.46634  0.26236  1.09861  0.40547
    286   1.24038  1.72798  1.83982  0.98286    286 t - - -
          1.38629  1.38629  1.38629  1.38629
          0.00003 11.17356 11.17356  1.46634  0.26236  1.09861  0.40547
    287   1.25180  1.73442  1.79439  0.99080    287 t - - -
          1.38629  1.38629  1.38629  1.38629
          0.00003 11.17356 11.17356  1.46634  0.26236  1.09861  0.40547
    288   1.24976  1.71276  1.79839  1.00105    288 t - - -
          1.38629  1.38629  1.38629  1.38629
          0.00003 11.17356 11.17356  1.46634  0.26236  1.09861  0.40547
    289   1.28134  1.65822  1.77891  1.01326    289 t - - -
          1.38629  1.38629  1.38629  1.38629
          0.00003 11.17356 11.17356  1.46634  0.26236  1.09861  0.40547
    290   1.26624  1.69179  1.82208  0.98824    290 t - - -
          1.38629  1.38629  1.38629  1.38629
          0.00003 11.17356 11.17356  1.46634  0.26236  1.09861  0.40547
    291   1.20584  1.76701  1.82107  1.00004    291 t - - -
          1.38629  1.38629  1.38629  1.38629
          0.00003 11.17356 11.17356  1.46634  0.26236  1.09861  0.40547
    292   1.23195  1.71308  1.86788  0.98479    292 t - - -
          1.38629  1.38629  1.38629  1.38629
          0.00003 11.17356 11.17356  1.46634  0.26236  1.09861  0.40547
    293   1.21037  1.77519  1.86155  0.97543    293 t - - -
          1.38629  1.38629  1.38629  1.38629
          0.00003 11.17356 11.17356  1.46634  0.26236  1.09861  0.40547
    294   1.20545  1.69696  1.84488  1.02399    294 t - - -
          1.38629  1.38629  1.38629  1.38629
          0.00003 11.17356 11.17356  1.46634  0.26236  1.09861  0.40547
    295   1.20575  1.74428  1.85985  0.99408    295 t - - -
          1.38629  1.38629  1.38629  1.38629
          0.00003 11.17356 11.17356  1.46634  0.26236  1.09861  0.40547
    296   1.22991  1.74633  1.82003  0.99089    296 t - - -
          1.38629  1.38629  1.38629  1.38629
          0.00003 11.17356 11.17356  1.46634  0.26236  1.09861  0.40547
    297   1.21496  1.66998  1.83675  1.03369    297 t - - -
          1.38629  1.38629  1.38629  1.38629
          0.00003 11.17356 11.17356  1.46634  0.26236  1.09861  0.40547
    298   1.22579  1.70016  1.76558  1.04204    298 t - - -
          1.38629  1.38629  1.38629  1.38629
          0.00003 11.17356 11.17356  1.46634  0.26236  1.09861  0.40547
    299   1.23819  1.69281  1.80045  1.01925    299 t - - -
          1.38629  1.38629  1.38629  1.38629
          0.00003 11.17356 11.17356  1.46634  0.26236  1.09861  0.40547
    300   1.26275  1.70299  1.79290  0.99829    300 t - - -
          1.38629  1.38629  1.38629  1.38629
          0.00003 11.17356 11.17356  1.46634  0.26236  1.09861  0.40547
    301   1.23441  1.67783  1.79691  1.03169    301 t - - -
          1.38629  1.38629  1.38629  1.38629
          0.00003 11.17356 11.17356  1.46634  0.26236  1.09861  0.40547
    302   1.21085  1.74503  1.79928  1.01612    302 t - - -
          1.38629  1.38629  1.38629  1.38629
          0.00003 11.17356 11.17356  1.46634  0.26236  1.09861  0.40547
    303   1.25325  1.68734  1.75958  1.02919    303 t - - -
          1.38629  1.38629  1.38629  1.38629
          0.00003 11.17356 11.17356  1.46634  0.26236  1.09861  0.40547
    304   1.19478  1.74054  1.78121  1.04024    304 t - - -
          1.38629  1.38629  1.38629  1.38629
          0.00003 11.17356 11.17356  1.46634  0.26236  1.09861  0.40547
    305   1.17350  1.72419  1.80033  1.05798    305 t - - -
          1.38629  1.38629  1.38629  1.38629
          0.00003 11.17356 11.17356  1.46634  0.26236  1.09861  0.40547
    306   1.21533  1.75367  1.78767  1.01362    306 t - - -
          1.38629  1.38629  1.38629  1.38629
          0.00003 11.17356 11.17356  1.46634  0.26236  1.09861  0.40547
    307   1.19281  1.70941  1.78279  1.05702    307 t - - -
          1.38629  1.38629  1.38629  1.38629
          0.00003 11.17356 11.17356  1.46634  0.26236  1.09861  0.40547
    308   1.18116  1.70864  1.80108  1.05888    308 t - - -
          1.38629  1.38629  1.38629  1.38629
          0.00003 11.17356 11.17356  1.46634  0.26236  1.09861  0.40547
    309   1.21030  1.74842  1.79126  1.01862    309 t - - -
          1.38629  1.38629  1.38629  1.38629
          0.00003 11.17356 11.17356  1.46634  0.26236  1.09861  0.40547
    310   1.22080  1.72637  1.79006  1.02130    310 t - - -
          1.38629  1.38629  1.38629  1.38629
          0.00003 11.17356 11.17356  1.46634  0.26236  1.09861  0.40547
    311   1.21009  1.71335  1.77028  1.04616    311 t - - -
          1.38629  1.38629  1.38629  1.38629
          0.00003 11.17356 11.17356  1.46634  0.26236  1.09861  0.40547
    312   1.17929  1.73260  1.76727  1.06455    312 t - - -
          1.38629  1.38629  1.38629  1.38629
          0.00003 11.17356 11.17356  1.46634  0.26236  1.09861  0.40547
    313   1.23998  1.70092  1.78486  1.02089    313 t - - -
          1.38629  1.38629  1.38629  1.38629
          0.00003 11.17356 11.17356  1.46634  0.26236  1.09861  0.40547
    314   1.22419  1.71779  1.78592  1.02471    314 t - - -
          1.38629  1.38629  1.38629  1.38629
          0.00003 11.17356 11.17356  1.46634  0.26236  1.09861  0.40547
    315   1.18001  1.73967  1.79990  1.04460    315 t - - -
          1.38629  1.38629  1.38629  1.38629
          0.00003 11.17356 11.17356  1.46634  0.26236  1.09861  0.40547
    316   1.17295  1.72276  1.81756  1.05110    316 t - - -
          1.38629  1.38629  1.38629  1.38629
          0.00003 11.17356 11.17356  1.46634  0.26236  1.09861  0.40547
    317   1.20918  1.71820  1.76197  1.04850    317 t - - -
          1.38629  1.38629  1.38629  1.38629
          0.00003 11.17356 11.17356  1.46634  0.26236  1.09861  0.40547
    318   1.22359  1.71448  1.74976  1.04425    318 t - - -
          1.38629  1.38629  1.38629  1.38629
          0.00003 11.17356 11.17356  1.46634  0.26236  1.09861  0.40547
    319   1.20557  1.70665  1.77448  1.05144    319 t - - -
          1.38629  1.38629  1.38629  1.38629
          0.00003 11.17356 11.17356  1.46634  0.26236  1.09861  0.40547
    320   1.22905  1.67661  1.76608  1.05148    320 t - - -
          1.38629  1.38629  1.38629  1.38629
          0.00003 11.17356 11.17356  1.46634  0.26236  1.09861  0.40547
    321   1.23504  1.66951  1.73620  1.06524    321 t - - -
          1.38629  1.38629  1.38629  1.38629
          0.00003 11.17356 11.17356  1.46634  0.26236  1.09861  0.40547
    322   1.23560  1.63284  1.79244  1.05724    322 t - - -
          1.38629  1.38629  1.38629  1.38629
          0.00003 11.17356 11.17356  1.46634  0.26236  1.09861  0.40547
    323   1.21595  1.69261  1.76672  1.05372    323 t - - -
          1.38629  1.38629  1.38629  1.38629
          0.00003 11.17356 11.17356  1.46634  0.26236  1.09861  0.40547
    324   1.19981  1.66112  1.81183  1.06286    324 t - - -
          1.38629  1.38629  1.38629  1.38629
          0.00003 11.17356 11.17356  1.46634  0.26236  1.09861  0.40547
    325   1.20900  1.70947  1.81822  1.02658    325 t - - -
          1.38629  1.38629  1.38629  1.38629
          0.00003 11.17356 11.17356  1.46634  0.26236  1.09861  0.40547
    326   1.20957  1.70865  1.78362  1.04260    326 t - - -
          1.38629  1.38629  1.38629  1.38629
          0.00003 11.17356 11.17356  1.46634  0.26236  1.09861  0.40547
    327   1.22449  1.72157  1.73438  1.04754    327 t - - -
          1.38629  1.38629  1.38629  1.38629
          0.00003 11.17356 11.17356  1.46634  0.26236  1.09861  0.40547
    328   1.19782  1.72650  1.76648  1.05180    328 t - - -
          1.38629  1.38629  1.38629  1.38629
          0.00003 11.17356 11.17356  1.46634  0.26236  1.09861  0.40547
    329   1.23361  1.71035  1.79892  1.01479    329 t - - -
          1.38629  1.38629  1.38629  1.38629
          0.00003 11.17356 11.17356  1.46634  0.26236  1.09861  0.40547
    330   1.22426  1.69513  1.69626  1.08151    330 t - - -
          1.38629  1.38629  1.38629  1.38629
          0.00003 11.17356 11.17356  1.46634  0.26236  1.09861  0.40547
    331   1.22176  1.67392  1.80028  1.04263    331 t - - -
          1.38629  1.38629  1.38629  1.38629
          0.00003 11.17356 11.17356  1.46634  0.26236  1.09861  0.40547
    332   1.21018  1.67161  1.74519  1.08087    332 t - - -
          1.38629  1.38629  1.38629  1.38629
          0.00003 11.17356 11.17356  1.46634  0.26236  1.09861  0.40547
    333   1.18009  1.76815  1.72010  1.06987    333 t - - -
          1.38629  1.38629  1.38629  1.38629
          0.00003 11.17356 11.17356  1.46634  0.26236  1.09861  0.40547
    334   1.22931  1.70018  1.79996  1.02290    334 t - - -
          1.38629  1.38629  1.38629  1.38629
          0.00003 11.17356 11.17356  1.46634  0.26236  1.09861  0.40547
    335   1.23024  1.69006  1.71326  1.07005    335 t - - -
          1.38629  1.38629  1.38629  1.38629
          0.00003 11.17356 11.17356  1.46634  0.26236  1.09861  0.40547
    336   1.24716  1.73446  1.71339  1.03302    336 t - - -
          1.38629  1.38629  1.38629  1.38629
          0.00003 11.17356 11.17356  1.46634  0.26236  1.09861  0.40547
    337   1.19570  1.68678  1.76841  1.07356    337 t - - -
          1.38629  1.38629  1.38629  1.38629
          0.00003 11.17356 11.17356  1.46634  0.26236  1.09861  0.40547
    338   1.19068  1.68331  1.73705  1.09605    338 t - - -
          1.38629  1.38629  1.38629  1.38629
          0.00003 11.17356 11.17356  1.46634  0.26236  1.09861  0.40547
    339   1.17378  1.71427  1.82460  1.05146    339 t - - -
          1.38629  1.38629  1.38629  1.38629
          0.00003 11.17356 11.17356  1.46634  0.26236  1.09861  0.40547
    340   1.22668  1.67101  1.78837  1.04569    340 t - - -
          1.38629  1.38629  1.38629  1.38629
          0.00003 11.17356 11.17356  1.46634  0.26236  1.09861  0.40547
    341   1.24066  1.67445  1.74532  1.05324    341 t - - -
          1.38629  1.38629  1.38629  1.38629
          0.00003 11.17356 11.17356  1.46634  0.26236  1.09861  0.40547
    342   1.20427  1.65669  1.76385  1.08491    342 t - - -
          1.38629  1.38629  1.38629  1.38629
          0.00003 11.17356 11.17356  1.46634  0.26236  1.09861  0.40547
    343   1.16865  1.70414  1.76734  1.08917    343 t - - -
          1.38629  1.38629  1.38629  1.38629
          0.00003 11.17356 11.17356  1.46634  0.26236  1.09861  0.40547
    344   1.14960  1.73393  1.78026  1.08455    344 t - - -
          1.38629  1.38629  1.38629  1.38629
          0.00003 11.17356 11.17356  1.46634  0.26236  1.09861  0.40547
    345   1.18150  1.70971  1.75691  1.07973    345 t - - -
          1.38629  1.38629  1.38629  1.38629
          0.00003 11.17356 11.17356  1.46634  0.26236  1.09861  0.40547
    346   1.18663  1.70936  1.74412  1.08183    346 t - - -
          1.38629  1.38629  1.38629  1.38629
          0.00003 11.17356 11.17356  1.46634  0.26236  1.09861  0.40547
    347   1.21990  1.72586  1.74263  1.04509    347 t - - -
          1.38629  1.38629  1.38629  1.38629
          0.00003 11.17356 11.17356  1.46634  0.26236  1.09861  0.40547
    348   1.18644  1.70115  1.78604  1.06538    348 t - - -
          1.38629  1.38629  1.38629  1.38629
          0.00003 11.17356 11.17356  1.46634  0.26236  1.09861  0.40547
    349   1.20339  1.70692  1.74982  1.06539    349 t - - -
          1.38629  1.38629  1.38629  1.38629
          0.00003 11.17356 11.17356  1.46634  0.26236  1.09861  0.40547
    350   1.20618  1.70280  1.75910  1.06048    350 t - - -
          1.38629  1.38629  1.38629  1.38629
          0.00003 11.17356 11.17356  1.46634  0.26236  1.09861  0.40547
    351   1.20158  1.68943  1.72823  1.08750    351 t - - -
          1.38629  1.38629  1.38629  1.38629
          0.00003 11.17356 11.17356  1.46634  0.26236  1.09861  0.40547
    352   1.19004  1.72441  1.72846  1.07894    352 t - - -
          1.38629  1.38629  1.38629  1.38629
          0.00003 11.17356 11.17356  1.46634  0.26236  1.09861  0.40547
    353   1.19950  1.70517  1.81364  1.03887    353 t - - -
          1.38629  1.38629  1.38629  1.38629
          0.00003 11.17356 11.17356  1.46634  0.26236  1.09861  0.40547
    354   1.18316  1.74456  1.73748  1.07001    354 t - - -
          1.38629  1.38629  1.38629  1.38629
          0.00003 11.17356 11.17356  1.46634  0.26236  1.09861  0.40547
    355   1.19702  1.71115  1.77583  1.05582    355 t - - -
          1.38629  1.38629  1.38629  1.38629
          0.00003 11.17356 11.17356  1.46634  0.26236  1.09861  0.40547
    356   1.18728  1.70331  1.79665  1.05839    356 t - - -
          1.38629  1.38629  1.38629  1.38629
          0.00003 11.17356 11.17356  1.46634  0.26236  1.09861  0.40547
    357   1.21782  1.71975  1.69291  1.07578    357 t - - -
          1.38629  1.38629  1.38629  1.38629
          0.00003 11.17356 11.17356  1.46634  0.26236  1.09861  0.40547
    358   1.16012  1.75700  1.75093  1.07770    358 t - - -
          1.38629  1.38629  1.38629  1.38629
          0.00003 11.17356 11.17356  1.46634  0.26236  1.09861  0.40547
    359   1.17448  1.75564  1.73678  1.07254    359 t - - -
          1.38629  1.38629  1.38629  1.38629
          0.00003 11.17356 11.17356  1.46634  0.26236  1.09861  0.40547
    360   1.19263  1.69696  1.75180  1.07917    360 t - - -
          1.38629  1.38629  1.38629  1.38629
          0.00003 11.17356 11.17356  1.46634  0.26236  1.09861  0.40547
    361   1.19171  1.72335  1.76142  1.06123    361 t - - -
          1.38629  1.38629  1.38629  1.38629
          0.00003 11.17356 11.17356  1.46634  0.26236  1.09861  0.40547
    362   1.18761  1.69282  1.68465  1.12227    362 t - - -
          1.38629  1.38629  1.38629  1.38629
          0.00003 11.17356 11.17356  1.46634  0.26236  1.09861  0.40547
    363   1.18110  1.72250  1.74471  1.07956    363 t - - -
          1.38629  1.38629  1.38629  1.38629
          0.00003 11.17356 11.17356  1.46634  0.26236  1.09861  0.40547
    364   1.15549  1.70212  1.75454  1.10922    364 t - - -
          1.38629  1.38629  1.38629  1.38629
          0.00003 11.17356 11.17356  1.46634  0.26236  1.09861  0.40547
    365   1.14396  1.71827  1.77181  1.10248    365 t - - -
          1.38629  1.38629  1.38629  1.38629
          0.00003 11.17356 11.17356  1.46634  0.26236  1.09861  0.40547
    366   1.15744  1.75169  1.79900  1.05911    366 t - - -
          1.38629  1.38629  1.38629  1.38629
          0.00003 11.17356 11.17356  1.46634  0.26236  1.09861  0.40547
    367   1.17509  1.73279  1.75683  1.07344    367 t - - -
          1.38629  1.38629  1.38629  1.38629
          0.00003 11.17356 11.17356  1.46634  0.26236  1.09861  0.40547
    368   1.17292  1.75855  1.76129  1.06010    368 t - - -
          1.38629  1.38629  1.38629  1.38629
          0.00003 11.17356 11.17356  1.46634  0.26236  1.09861  0.40547
    369   1.18810  1.72499  1.75619  1.06618    369 t - - -
          1.38629  1.38629  1.38629  1.38629
          0.00003 11.17356 11.17356  1.46634  0.26236  1.09861  0.40547
    370   1.17121  1.70033  1.76773  1.08867    370 t - - -
          1.38629  1.38629  1.38629  1.38629
          0.00003 11.17356 11.17356  1.46634  0.26236  1.09861  0.40547
    371   1.16151  1.69683  1.77208  1.09738    371 t - - -
          1.38629  1.38629  1.38629  1.38629
          0.00003 11.17356 11.17356  1.46634  0.26236  1.09861  0.40547
    372   1.15534  1.73482  1.75518  1.09141    372 t - - -
          1.38629  1.38629  1.38629  1.38629
          0.00003 11.17356 11.17356  1.46634  0.26236  1.09861  0.40547
    373   1.17463  1.73182  1.77202  1.06678    373 t - - -
          1.38629  1.38629  1.38629  1.38629
          0.00003 11.17356 11.17356  1.46634  0.26236  1.09861  0.40547
    374   1.19664  1.69880  1.75426  1.07337    374 t - - -
          1.38629  1.38629  1.38629  1.38629
          0.00003 11.17356 11.17356  1.46634  0.26236  1.09861  0.40547
    375   1.16757  1.70455  1.78390  1.08164    375 t - - -
          1.38629  1.38629  1.38629  1.38629
          0.00003 11.17356 11.17356  1.46634  0.26236  1.09861  0.40547
    376   1.20090  1.77175  1.73726  1.04118    376 t - - -
          1.38629  1.38629  1.38629  1.38629
          0.00003 11.17356 11.17356  1.46634  0.26236  1.09861  0.40547
    377   1.19980  1.74444  1.72352  1.06258    377 t - - -
          1.38629  1.38629  1.38629  1.38629
          0.00003 11.17356 11.17356  1.46634  0.26236  1.09861  0.40547
    378   1.17389  1.72388  1.77093  1.07210    378 t - - -
          1.38629  1.38629  1.38629  1.38629
          0.00003 11.17356 11.17356  1.46634  0.26236  1.09861  0.40547
    379   1.18233  1.74967  1.74365  1.06501    379 t - - -
          1.38629  1.38629  1.38629  1.38629
          0.00003 11.17356 11.17356  1.46634  0.26236  1.09861  0.40547
    380   1.17944  1.67916  1.81136  1.07122    380 t - - -
          1.38629  1.38629  1.38629  1.38629
          0.00003 11.17356 11.17356  1.46634  0.26236  1.09861  0.40547
    381   1.20614  1.71026  1.75346  1.05943    381 t - - -
          1.38629  1.38629  1.38629  1.38629
          0.00003 11.17356 11.17356  1.46634  0.26236  1.09861  0.40547
    382   1.18776  1.67551  1.78870  1.07673    382 t - - -
          1.38629  1.38629  1.38629  1.38629
          0.00003 11.17356 11.17356  1.46634  0.26236  1.09861  0.40547
    383   1.15532  1.72235  1.74775  1.10192    383 t - - -
          1.38629  1.38629  1.38629  1.38629
          0.00003 11.17356 11.17356  1.46634  0.26236  1.09861  0.40547
    384   1.18650  1.74543  1.73034  1.07026    384 t - - -
          1.38629  1.38629  1.38629  1.38629
          0.00003 11.17356 11.17356  1.46634  0.26236  1.09861  0.40547
    385   1.17319  1.76115  1.75334  1.06253    385 t - - -
          1.38629  1.38629  1.38629  1.38629
          0.00003 11.17356 11.17356  1.46634  0.26236  1.09861  0.40547
    386   1.17241  1.71263  1.81609  1.05748    386 t - - -
          1.38629  1.38629  1.38629  1.38629
          0.00003 11.17356 11.17356  1.46634  0.26236  1.09861  0.40547
    387   1.18614  1.72528  1.79676  1.04799    387 t - - -
          1.38629  1.38629  1.38629  1.38629
          0.00003 11.17356 11.17356  1.46634  0.26236  1.09861  0.40547
    388   1.19247  1.72815  1.74653  1.06554    388 t - - -
          1.38629  1.38629  1.38629  1.38629
          0.00003 11.17356 11.17356  1.46634  0.26236  1.09861  0.40547
    389   1.14909  1.73996  1.76121  1.09150    389 t - - -
          1.38629  1.38629  1.38629  1.38629
          0.00003 11.17356 11.17356  1.46634  0.26236  1.09861  0.40547
    390   1.17631  1.69510  1.77702  1.08216    390 t - - -
          1.38629  1.38629  1.38629  1.38629
          0.00003 11.17356 11.17356  1.46634  0.26236  1.09861  0.40547
    391   1.18707  1.72420  1.76103  1.06508    391 t - - -
          1.38629  1.38629  1.38629  1.38629
          0.00003 11.17356 11.17356  1.46634  0.26236  1.09861  0.40547
    392   1.18669  1.71052  1.76262  1.07177    392 t - - -
          1.38629  1.38629  1.38629  1.38629
          0.00003 11.17356 11.17356  1.46634  0.26236  1.09861  0.40547
    393   1.15832  1.73465  1.74565  1.09364    393 t - - -
          1.38629  1.38629  1.38629  1.38629
          0.00003 11.17356 11.17356  1.46634  0.26236  1.09861  0.40547
    394   1.17478  1.73816  1.79599  1.05180    394 t - - -
          1.38629  1.38629  1.38629  1.38629
          0.00003 11.17356 11.17356  1.46634  0.26236  1.09861  0.40547
    395   1.16754  1.73605  1.80173  1.05659    395 t - - -
          1.38629  1.38629  1.38629  1.38629
          0.00003 11.17356 11.17356  1.46634  0.26236  1.09861  0.40547
    396   1.20068  1.75281  1.77706  1.03117    396 t - - -
          1.38629  1.38629  1.38629  1.38629
          0.00003 11.17356 11.17356  1.46634  0.26236  1.09861  0.40547
    397   1.18910  1.73891  1.77696  1.04799    397 t - - -
          1.38629  1.38629  1.38629  1.38629
          0.00003 11.17356 11.17356  1.46634  0.26236  1.09861  0.40547
    398   1.20890  1.66834  1.77623  1.06816    398 t - - -
          1.38629  1.38629  1.38629  1.38629
          0.00003 11.17356 11.17356  1.46634  0.26236  1.09861  0.40547
    399   1.17492  1.72446  1.70163  1.10714    399 t - - -
          1.38629  1.38629  1.38629  1.38629
          0.00003 11.17356 11.17356  1.46634  0.26236  1.09861  0.40547
    400   1.17586  1.69771  1.74246  1.09885    400 t - - -
          1.38629  1.38629  1.38629  1.38629
          0.00003 11.17356 11.17356  1.46634  0.26236  1.09861  0.40547
    401   1.19141  1.75090  1.71962  1.06870    401 t - - -
          1.38629  1.38629  1.38629  1.38629
          0.00001 11.17354        *  1.46634  0.26236  0.00000        *
//
