HMMER3/f [3.3.2 | Nov 2020]
NAME  dmelanogaster_200
LENG  401
MAXL  401
ALPH  DNA
RF    no
MM    no
CONS  yes
CS    no
MAP   yes
DATE  Tue Oct 15 12:24:14 2024
NSEQ  16972
EFFN  16972.000000
CKSUM 3153466881
STATS LOCAL MSV      -15.0168  0.81209
STATS LOCAL VITERBI  -17.6311  0.81209
STATS LOCAL FORWARD   -2.9924  0.81209
HMM          A        C        G        T   
            m->m     m->i     m->d     i->m     i->i     d->m     d->d
  COMPO   1.22372  1.54723  1.55030  1.26995
          1.38629  1.38629  1.38629  1.38629
          0.00001 12.04204 12.04204  1.46634  0.26236  0.00000        *
      1   1.15991  1.67620  1.69932  1.15014      1 t - - -
          1.38629  1.38629  1.38629  1.38629
          0.00001 12.04204 12.04204  1.46634  0.26236  1.09861  0.40547
      2   1.14801  1.70268  1.67372  1.16158      2 a - - -
          1.38629  1.38629  1.38629  1.38629
          0.00001 12.04204 12.04204  1.46634  0.26236  1.09861  0.40547
      3   1.16735  1.66125  1.67187  1.16792      3 a - - -
          1.38629  1.38629  1.38629  1.38629
          0.00001 12.04204 12.04204  1.46634  0.26236  1.09861  0.40547
      4   1.13511  1.69560  1.67912  1.17575      4 a - - -
          1.38629  1.38629  1.38629  1.38629
          0.00001 12.04204 12.04204  1.46634  0.26236  1.09861  0.40547
      5   1.14913  1.69782  1.71080  1.14168      5 t - - -
          1.38629  1.38629  1.38629  1.38629
          0.00001 12.04204 12.04204  1.46634  0.26236  1.09861  0.40547
      6   1.13709  1.67951  1.70550  1.16764      6 a - - -
          1.38629  1.38629  1.38629  1.38629
          0.00001 12.04204 12.04204  1.46634  0.26236  1.09861  0.40547
      7   1.15745  1.69351  1.67209  1.15841      7 a - - -
          1.38629  1.38629  1.38629  1.38629
          0.00001 12.04204 12.04204  1.46634  0.26236  1.09861  0.40547
      8   1.14917  1.67980  1.68311  1.16830      8 a - - -
          1.38629  1.38629  1.38629  1.38629
          0.00001 12.04204 12.04204  1.46634  0.26236  1.09861  0.40547
      9   1.16583  1.66135  1.70564  1.14949      9 t - - -
          1.38629  1.38629  1.38629  1.38629
          0.00001 12.04204 12.04204  1.46634  0.26236  1.09861  0.40547
     10   1.14998  1.68848  1.69335  1.15628     10 a - - -
          1.38629  1.38629  1.38629  1.38629
          0.00001 12.04204 12.04204  1.46634  0.26236  1.09861  0.40547
     11   1.16216  1.67660  1.67253  1.16344     11 a - - -
          1.38629  1.38629  1.38629  1.38629
          0.00001 12.04204 12.04204  1.46634  0.26236  1.09861  0.40547
     12   1.13559  1.69345  1.69145  1.16916     12 a - - -
          1.38629  1.38629  1.38629  1.38629
          0.00001 12.04204 12.04204  1.46634  0.26236  1.09861  0.40547
     13   1.14494  1.70876  1.68903  1.15211     13 a - - -
          1.38629  1.38629  1.38629  1.38629
          0.00001 12.04204 12.04204  1.46634  0.26236  1.09861  0.40547
     14   1.15406  1.67532  1.69802  1.15724     14 a - - -
          1.38629  1.38629  1.38629  1.38629
          0.00001 12.04204 12.04204  1.46634  0.26236  1.09861  0.40547
     15   1.14407  1.71567  1.65857  1.16724     15 a - - -
          1.38629  1.38629  1.38629  1.38629
          0.00001 12.04204 12.04204  1.46634  0.26236  1.09861  0.40547
     16   1.15474  1.68477  1.66360  1.17145     16 a - - -
          1.38629  1.38629  1.38629  1.38629
          0.00001 12.04204 12.04204  1.46634  0.26236  1.09861  0.40547
     17   1.14593  1.69346  1.72519  1.13928     17 t - - -
          1.38629  1.38629  1.38629  1.38629
          0.00001 12.04204 12.04204  1.46634  0.26236  1.09861  0.40547
     18   1.15300  1.71029  1.67379  1.15213     18 t - - -
          1.38629  1.38629  1.38629  1.38629
          0.00001 12.04204 12.04204  1.46634  0.26236  1.09861  0.40547
     19   1.13553  1.68372  1.69253  1.17437     19 a - - -
          1.38629  1.38629  1.38629  1.38629
          0.00001 12.04204 12.04204  1.46634  0.26236  1.09861  0.40547
     20   1.15206  1.66578  1.69149  1.16884     20 a - - -
          1.38629  1.38629  1.38629  1.38629
          0.00001 12.04204 12.04204  1.46634  0.26236  1.09861  0.40547
     21   1.13805  1.70522  1.70899  1.14956     21 a - - -
          1.38629  1.38629  1.38629  1.38629
          0.00001 12.04204 12.04204  1.46634  0.26236  1.09861  0.40547
     22   1.15808  1.67758  1.69682  1.15258     22 t - - -
          1.38629  1.38629  1.38629  1.38629
          0.00001 12.04204 12.04204  1.46634  0.26236  1.09861  0.40547
     23   1.13701  1.69008  1.68856  1.17140     23 a - - -
          1.38629  1.38629  1.38629  1.38629
          0.00001 12.04204 12.04204  1.46634  0.26236  1.09861  0.40547
     24   1.13723  1.65917  1.73354  1.16367     24 a - - -
          1.38629  1.38629  1.38629  1.38629
          0.00001 12.04204 12.04204  1.46634  0.26236  1.09861  0.40547
     25   1.14264  1.69097  1.68548  1.16691     25 a - - -
          1.38629  1.38629  1.38629  1.38629
          0.00001 12.04204 12.04204  1.46634  0.26236  1.09861  0.40547
     26   1.15357  1.69218  1.69797  1.14784     26 t - - -
          1.38629  1.38629  1.38629  1.38629
          0.00001 12.04204 12.04204  1.46634  0.26236  1.09861  0.40547
     27   1.16231  1.68771  1.68602  1.14874     27 t - - -
          1.38629  1.38629  1.38629  1.38629
          0.00001 12.04204 12.04204  1.46634  0.26236  1.09861  0.40547
     28   1.16694  1.70204  1.66735  1.14689     28 t - - -
          1.38629  1.38629  1.38629  1.38629
          0.00001 12.04204 12.04204  1.46634  0.26236  1.09861  0.40547
     29   1.13556  1.70425  1.69784  1.15909     29 a - - -
          1.38629  1.38629  1.38629  1.38629
          0.00001 12.04204 12.04204  1.46634  0.26236  1.09861  0.40547
     30   1.16668  1.67260  1.70565  1.14197     30 t - - -
          1.38629  1.38629  1.38629  1.38629
          0.00001 12.04204 12.04204  1.46634  0.26236  1.09861  0.40547
     31   1.15885  1.66613  1.67677  1.17054     31 a - - -
          1.38629  1.38629  1.38629  1.38629
          0.00001 12.04204 12.04204  1.46634  0.26236  1.09861  0.40547
     32   1.15902  1.69479  1.64851  1.17044     32 a - - -
          1.38629  1.38629  1.38629  1.38629
          0.00001 12.04204 12.04204  1.46634  0.26236  1.09861  0.40547
     33   1.15308  1.68663  1.70718  1.14628     33 t - - -
          1.38629  1.38629  1.38629  1.38629
          0.00001 12.04204 12.04204  1.46634  0.26236  1.09861  0.40547
     34   1.16369  1.68522  1.69094  1.14595     34 t - - -
          1.38629  1.38629  1.38629  1.38629
          0.00001 12.04204 12.04204  1.46634  0.26236  1.09861  0.40547
     35   1.13996  1.70371  1.69761  1.15505     35 a - - -
          1.38629  1.38629  1.38629  1.38629
          0.00001 12.04204 12.04204  1.46634  0.26236  1.09861  0.40547
     36   1.17919  1.68713  1.67416  1.13957     36 t - - -
          1.38629  1.38629  1.38629  1.38629
          0.00001 12.04204 12.04204  1.46634  0.26236  1.09861  0.40547
     37   1.15507  1.67703  1.68629  1.16209     37 a - - -
          1.38629  1.38629  1.38629  1.38629
          0.00001 12.04204 12.04204  1.46634  0.26236  1.09861  0.40547
     38   1.14761  1.70091  1.67637  1.16143     38 a - - -
          1.38629  1.38629  1.38629  1.38629
          0.00001 12.04204 12.04204  1.46634  0.26236  1.09861  0.40547
     39   1.14228  1.66475  1.69369  1.17821     39 a - - -
          1.38629  1.38629  1.38629  1.38629
          0.00001 12.04204 12.04204  1.46634  0.26236  1.09861  0.40547
     40   1.16890  1.68568  1.67905  1.14752     40 t - - -
          1.38629  1.38629  1.38629  1.38629
          0.00001 12.04204 12.04204  1.46634  0.26236  1.09861  0.40547
     41   1.15674  1.65564  1.68539  1.17393     41 a - - -
          1.38629  1.38629  1.38629  1.38629
          0.00001 12.04204 12.04204  1.46634  0.26236  1.09861  0.40547
     42   1.17315  1.63599  1.70344  1.15902     42 t - - -
          1.38629  1.38629  1.38629  1.38629
          0.00001 12.04204 12.04204  1.46634  0.26236  1.09861  0.40547
     43   1.13943  1.68972  1.70160  1.16144     43 a - - -
          1.38629  1.38629  1.38629  1.38629
          0.00001 12.04204 12.04204  1.46634  0.26236  1.09861  0.40547
     44   1.14370  1.69718  1.66508  1.17446     44 a - - -
          1.38629  1.38629  1.38629  1.38629
          0.00001 12.04204 12.04204  1.46634  0.26236  1.09861  0.40547
     45   1.14967  1.68271  1.69784  1.15737     45 a - - -
          1.38629  1.38629  1.38629  1.38629
          0.00001 12.04204 12.04204  1.46634  0.26236  1.09861  0.40547
     46   1.13521  1.68447  1.71826  1.15923     46 a - - -
          1.38629  1.38629  1.38629  1.38629
          0.00001 12.04204 12.04204  1.46634  0.26236  1.09861  0.40547
     47   1.15803  1.66762  1.68769  1.16394     47 a - - -
          1.38629  1.38629  1.38629  1.38629
          0.00001 12.04204 12.04204  1.46634  0.26236  1.09861  0.40547
     48   1.15350  1.65675  1.70524  1.16481     48 a - - -
          1.38629  1.38629  1.38629  1.38629
          0.00001 12.04204 12.04204  1.46634  0.26236  1.09861  0.40547
     49   1.15016  1.66754  1.70978  1.15901     49 a - - -
          1.38629  1.38629  1.38629  1.38629
          0.00001 12.04204 12.04204  1.46634  0.26236  1.09861  0.40547
     50   1.15094  1.67030  1.70603  1.15872     50 a - - -
          1.38629  1.38629  1.38629  1.38629
          0.00001 12.04204 12.04204  1.46634  0.26236  1.09861  0.40547
     51   1.15057  1.67366  1.67655  1.17452     51 a - - -
          1.38629  1.38629  1.38629  1.38629
          0.00001 12.04204 12.04204  1.46634  0.26236  1.09861  0.40547
     52   1.13893  1.67149  1.69917  1.17430     52 a - - -
          1.38629  1.38629  1.38629  1.38629
          0.00001 12.04204 12.04204  1.46634  0.26236  1.09861  0.40547
     53   1.14868  1.65982  1.68641  1.17899     53 a - - -
          1.38629  1.38629  1.38629  1.38629
          0.00001 12.04204 12.04204  1.46634  0.26236  1.09861  0.40547
     54   1.13790  1.68417  1.69757  1.16867     54 a - - -
          1.38629  1.38629  1.38629  1.38629
          0.00001 12.04204 12.04204  1.46634  0.26236  1.09861  0.40547
     55   1.15130  1.69477  1.66362  1.16899     55 a - - -
          1.38629  1.38629  1.38629  1.38629
          0.00001 12.04204 12.04204  1.46634  0.26236  1.09861  0.40547
     56   1.14858  1.67559  1.71214  1.15443     56 a - - -
          1.38629  1.38629  1.38629  1.38629
          0.00001 12.04204 12.04204  1.46634  0.26236  1.09861  0.40547
     57   1.15595  1.67966  1.66083  1.17499     57 a - - -
          1.38629  1.38629  1.38629  1.38629
          0.00001 12.04204 12.04204  1.46634  0.26236  1.09861  0.40547
     58   1.14958  1.65832  1.69685  1.17276     58 a - - -
          1.38629  1.38629  1.38629  1.38629
          0.00001 12.04204 12.04204  1.46634  0.26236  1.09861  0.40547
     59   1.15990  1.67291  1.69257  1.15602     59 t - - -
          1.38629  1.38629  1.38629  1.38629
          0.00001 12.04204 12.04204  1.46634  0.26236  1.09861  0.40547
     60   1.15125  1.63435  1.71597  1.17477     60 a - - -
          1.38629  1.38629  1.38629  1.38629
          0.00001 12.04204 12.04204  1.46634  0.26236  1.09861  0.40547
     61   1.15430  1.63191  1.71665  1.17280     61 a - - -
          1.38629  1.38629  1.38629  1.38629
          0.00001 12.04204 12.04204  1.46634  0.26236  1.09861  0.40547
     62   1.14965  1.69664  1.70427  1.14555     62 t - - -
          1.38629  1.38629  1.38629  1.38629
          0.00001 12.04204 12.04204  1.46634  0.26236  1.09861  0.40547
     63   1.17911  1.66740  1.66782  1.15501     63 t - - -
          1.38629  1.38629  1.38629  1.38629
          0.00001 12.04204 12.04204  1.46634  0.26236  1.09861  0.40547
     64   1.15214  1.63801  1.70307  1.17912     64 a - - -
          1.38629  1.38629  1.38629  1.38629
          0.00001 12.04204 12.04204  1.46634  0.26236  1.09861  0.40547
     65   1.15077  1.64804  1.68956  1.18228     65 a - - -
          1.38629  1.38629  1.38629  1.38629
          0.00001 12.04204 12.04204  1.46634  0.26236  1.09861  0.40547
     66   1.14530  1.65953  1.69910  1.17508     66 a - - -
          1.38629  1.38629  1.38629  1.38629
          0.00001 12.04204 12.04204  1.46634  0.26236  1.09861  0.40547
     67   1.16938  1.63581  1.68963  1.17100     67 a - - -
          1.38629  1.38629  1.38629  1.38629
          0.00001 12.04204 12.04204  1.46634  0.26236  1.09861  0.40547
     68   1.16839  1.64229  1.68515  1.17061     68 a - - -
          1.38629  1.38629  1.38629  1.38629
          0.00001 12.04204 12.04204  1.46634  0.26236  1.09861  0.40547
     69   1.17409  1.66253  1.68112  1.15494     69 t - - -
          1.38629  1.38629  1.38629  1.38629
          0.00001 12.04204 12.04204  1.46634  0.26236  1.09861  0.40547
     70   1.17163  1.66049  1.66502  1.16827     70 t - - -
          1.38629  1.38629  1.38629  1.38629
          0.00001 12.04204 12.04204  1.46634  0.26236  1.09861  0.40547
     71   1.16459  1.64394  1.68887  1.17117     71 a - - -
          1.38629  1.38629  1.38629  1.38629
          0.00001 12.04204 12.04204  1.46634  0.26236  1.09861  0.40547
     72   1.15436  1.67900  1.66509  1.17439     72 a - - -
          1.38629  1.38629  1.38629  1.38629
          0.00001 12.04204 12.04204  1.46634  0.26236  1.09861  0.40547
     73   1.17115  1.65287  1.69121  1.15774     73 t - - -
          1.38629  1.38629  1.38629  1.38629
          0.00001 12.04204 12.04204  1.46634  0.26236  1.09861  0.40547
     74   1.17425  1.65847  1.65908  1.17052     74 t - - -
          1.38629  1.38629  1.38629  1.38629
          0.00001 12.04204 12.04204  1.46634  0.26236  1.09861  0.40547
     75   1.16624  1.64687  1.66624  1.18137     75 a - - -
          1.38629  1.38629  1.38629  1.38629
          0.00001 12.04204 12.04204  1.46634  0.26236  1.09861  0.40547
     76   1.17156  1.66101  1.64706  1.17910     76 a - - -
          1.38629  1.38629  1.38629  1.38629
          0.00001 12.04204 12.04204  1.46634  0.26236  1.09861  0.40547
     77   1.19960  1.63427  1.65458  1.16341     77 t - - -
          1.38629  1.38629  1.38629  1.38629
          0.00001 12.04204 12.04204  1.46634  0.26236  1.09861  0.40547
     78   1.16263  1.65552  1.67835  1.17227     78 a - - -
          1.38629  1.38629  1.38629  1.38629
          0.00001 12.04204 12.04204  1.46634  0.26236  1.09861  0.40547
     79   1.17765  1.63310  1.64984  1.18878     79 a - - -
          1.38629  1.38629  1.38629  1.38629
          0.00001 12.04204 12.04204  1.46634  0.26236  1.09861  0.40547
     80   1.16470  1.64089  1.66887  1.18509     80 a - - -
          1.38629  1.38629  1.38629  1.38629
          0.00001 12.04204 12.04204  1.46634  0.26236  1.09861  0.40547
     81   1.18928  1.65270  1.64906  1.16540     81 t - - -
          1.38629  1.38629  1.38629  1.38629
          0.00001 12.04204 12.04204  1.46634  0.26236  1.09861  0.40547
     82   1.18729  1.62891  1.66785  1.17067     82 t - - -
          1.38629  1.38629  1.38629  1.38629
          0.00001 12.04204 12.04204  1.46634  0.26236  1.09861  0.40547
     83   1.15856  1.64068  1.66462  1.19418     83 a - - -
          1.38629  1.38629  1.38629  1.38629
          0.00001 12.04204 12.04204  1.46634  0.26236  1.09861  0.40547
     84   1.18798  1.63886  1.62887  1.18806     84 a - - -
          1.38629  1.38629  1.38629  1.38629
          0.00001 12.04204 12.04204  1.46634  0.26236  1.09861  0.40547
     85   1.16301  1.65028  1.66628  1.18250     85 a - - -
          1.38629  1.38629  1.38629  1.38629
          0.00001 12.04204 12.04204  1.46634  0.26236  1.09861  0.40547
     86   1.19546  1.63584  1.63229  1.18037     86 t - - -
          1.38629  1.38629  1.38629  1.38629
          0.00001 12.04204 12.04204  1.46634  0.26236  1.09861  0.40547
     87   1.16913  1.63612  1.67255  1.18136     87 a - - -
          1.38629  1.38629  1.38629  1.38629
          0.00001 12.04204 12.04204  1.46634  0.26236  1.09861  0.40547
     88   1.19289  1.63257  1.65815  1.16881     88 t - - -
          1.38629  1.38629  1.38629  1.38629
          0.00001 12.04204 12.04204  1.46634  0.26236  1.09861  0.40547
     89   1.19964  1.61479  1.64158  1.18388     89 t - - -
          1.38629  1.38629  1.38629  1.38629
          0.00001 12.04204 12.04204  1.46634  0.26236  1.09861  0.40547
     90   1.18147  1.61313  1.66410  1.18892     90 a - - -
          1.38629  1.38629  1.38629  1.38629
          0.00001 12.04204 12.04204  1.46634  0.26236  1.09861  0.40547
     91   1.17561  1.61028  1.66218  1.19795     91 a - - -
          1.38629  1.38629  1.38629  1.38629
          0.00001 12.04204 12.04204  1.46634  0.26236  1.09861  0.40547
     92   1.16602  1.62189  1.68880  1.18375     92 a - - -
          1.38629  1.38629  1.38629  1.38629
          0.00001 12.04204 12.04204  1.46634  0.26236  1.09861  0.40547
     93   1.19410  1.62272  1.63295  1.18972     93 t - - -
          1.38629  1.38629  1.38629  1.38629
          0.00001 12.04204 12.04204  1.46634  0.26236  1.09861  0.40547
     94   1.21382  1.61353  1.61541  1.18762     94 t - - -
          1.38629  1.38629  1.38629  1.38629
          0.00001 12.04204 12.04204  1.46634  0.26236  1.09861  0.40547
     95   1.19986  1.62484  1.64201  1.17691     95 t - - -
          1.38629  1.38629  1.38629  1.38629
          0.00001 12.04204 12.04204  1.46634  0.26236  1.09861  0.40547
     96   1.18360  1.62446  1.63398  1.19846     96 a - - -
          1.38629  1.38629  1.38629  1.38629
          0.00001 12.04204 12.04204  1.46634  0.26236  1.09861  0.40547
     97   1.20188  1.61027  1.61648  1.20085     97 t - - -
          1.38629  1.38629  1.38629  1.38629
          0.00001 12.04204 12.04204  1.46634  0.26236  1.09861  0.40547
     98   1.20872  1.60959  1.60488  1.20219     98 t - - -
          1.38629  1.38629  1.38629  1.38629
          0.00001 12.04204 12.04204  1.46634  0.26236  1.09861  0.40547
     99   1.18488  1.61313  1.64722  1.19611     99 a - - -
          1.38629  1.38629  1.38629  1.38629
          0.00001 12.04204 12.04204  1.46634  0.26236  1.09861  0.40547
    100   1.19224  1.60596  1.62726  1.20633    100 a - - -
          1.38629  1.38629  1.38629  1.38629
          0.00001 12.04204 12.04204  1.46634  0.26236  1.09861  0.40547
    101   1.20825  1.60023  1.63599  1.18852    101 t - - -
          1.38629  1.38629  1.38629  1.38629
          0.00001 12.04204 12.04204  1.46634  0.26236  1.09861  0.40547
    102   1.20479  1.60793  1.61384  1.20124    102 t - - -
          1.38629  1.38629  1.38629  1.38629
          0.00001 12.04204 12.04204  1.46634  0.26236  1.09861  0.40547
    103   1.21142  1.60077  1.60964  1.20222    103 t - - -
          1.38629  1.38629  1.38629  1.38629
          0.00001 12.04204 12.04204  1.46634  0.26236  1.09861  0.40547
    104   1.22180  1.57817  1.60441  1.21086    104 t - - -
          1.38629  1.38629  1.38629  1.38629
          0.00001 12.04204 12.04204  1.46634  0.26236  1.09861  0.40547
    105   1.20719  1.59715  1.61569  1.20485    105 t - - -
          1.38629  1.38629  1.38629  1.38629
          0.00001 12.04204 12.04204  1.46634  0.26236  1.09861  0.40547
    106   1.20116  1.59359  1.61999  1.21046    106 a - - -
          1.38629  1.38629  1.38629  1.38629
          0.00001 12.04204 12.04204  1.46634  0.26236  1.09861  0.40547
    107   1.21400  1.59298  1.61429  1.20184    107 t - - -
          1.38629  1.38629  1.38629  1.38629
          0.00001 12.04204 12.04204  1.46634  0.26236  1.09861  0.40547
    108   1.19230  1.58351  1.61100  1.23259    108 a - - -
          1.38629  1.38629  1.38629  1.38629
          0.00001 12.04204 12.04204  1.46634  0.26236  1.09861  0.40547
    109   1.21740  1.56474  1.60830  1.22203    109 a - - -
          1.38629  1.38629  1.38629  1.38629
          0.00001 12.04204 12.04204  1.46634  0.26236  1.09861  0.40547
    110   1.21232  1.61049  1.61431  1.19179    110 t - - -
          1.38629  1.38629  1.38629  1.38629
          0.00001 12.04204 12.04204  1.46634  0.26236  1.09861  0.40547
    111   1.21967  1.58951  1.60453  1.20510    111 t - - -
          1.38629  1.38629  1.38629  1.38629
          0.00001 12.04204 12.04204  1.46634  0.26236  1.09861  0.40547
    112   1.22270  1.58486  1.59226  1.21361    112 t - - -
          1.38629  1.38629  1.38629  1.38629
          0.00001 12.04204 12.04204  1.46634  0.26236  1.09861  0.40547
    113   1.21008  1.58856  1.58543  1.22844    113 a - - -
          1.38629  1.38629  1.38629  1.38629
          0.00001 12.04204 12.04204  1.46634  0.26236  1.09861  0.40547
    114   1.22804  1.57109  1.58019  1.22629    114 t - - -
          1.38629  1.38629  1.38629  1.38629
          0.00001 12.04204 12.04204  1.46634  0.26236  1.09861  0.40547
    115   1.24664  1.54088  1.57996  1.22978    115 t - - -
          1.38629  1.38629  1.38629  1.38629
          0.00001 12.04204 12.04204  1.46634  0.26236  1.09861  0.40547
    116   1.25712  1.56160  1.56606  1.21449    116 t - - -
          1.38629  1.38629  1.38629  1.38629
          0.00001 12.04204 12.04204  1.46634  0.26236  1.09861  0.40547
    117   1.24110  1.58158  1.57340  1.21084    117 t - - -
          1.38629  1.38629  1.38629  1.38629
          0.00001 12.04204 12.04204  1.46634  0.26236  1.09861  0.40547
    118   1.22264  1.54206  1.59470  1.24258    118 a - - -
          1.38629  1.38629  1.38629  1.38629
          0.00001 12.04204 12.04204  1.46634  0.26236  1.09861  0.40547
    119   1.23339  1.54306  1.58670  1.23660    119 a - - -
          1.38629  1.38629  1.38629  1.38629
          0.00001 12.04204 12.04204  1.46634  0.26236  1.09861  0.40547
    120   1.21698  1.55880  1.60246  1.23070    120 a - - -
          1.38629  1.38629  1.38629  1.38629
          0.00001 12.04204 12.04204  1.46634  0.26236  1.09861  0.40547
    121   1.24063  1.50335  1.57914  1.26492    121 a - - -
          1.38629  1.38629  1.38629  1.38629
          0.00001 12.04204 12.04204  1.46634  0.26236  1.09861  0.40547
    122   1.24765  1.55593  1.57224  1.22333    122 t - - -
          1.38629  1.38629  1.38629  1.38629
          0.00001 12.04204 12.04204  1.46634  0.26236  1.09861  0.40547
    123   1.23195  1.57287  1.57092  1.22768    123 t - - -
          1.38629  1.38629  1.38629  1.38629
          0.00001 12.04204 12.04204  1.46634  0.26236  1.09861  0.40547
    124   1.23833  1.56907  1.55745  1.23368    124 t - - -
          1.38629  1.38629  1.38629  1.38629
          0.00001 12.04204 12.04204  1.46634  0.26236  1.09861  0.40547
    125   1.26299  1.53559  1.56625  1.22745    125 t - - -
          1.38629  1.38629  1.38629  1.38629
          0.00001 12.04204 12.04204  1.46634  0.26236  1.09861  0.40547
    126   1.25999  1.53587  1.57211  1.22599    126 t - - -
          1.38629  1.38629  1.38629  1.38629
          0.00001 12.04204 12.04204  1.46634  0.26236  1.09861  0.40547
    127   1.28270  1.53115  1.53803  1.23229    127 t - - -
          1.38629  1.38629  1.38629  1.38629
          0.00001 12.04204 12.04204  1.46634  0.26236  1.09861  0.40547
    128   1.25120  1.52847  1.56877  1.24246    128 t - - -
          1.38629  1.38629  1.38629  1.38629
          0.00001 12.04204 12.04204  1.46634  0.26236  1.09861  0.40547
    129   1.24997  1.56245  1.56374  1.22243    129 t - - -
          1.38629  1.38629  1.38629  1.38629
          0.00001 12.04204 12.04204  1.46634  0.26236  1.09861  0.40547
    130   1.23279  1.53503  1.58590  1.24373    130 a - - -
          1.38629  1.38629  1.38629  1.38629
          0.00001 12.04204 12.04204  1.46634  0.26236  1.09861  0.40547
    131   1.24936  1.54848  1.55624  1.23852    131 t - - -
          1.38629  1.38629  1.38629  1.38629
          0.00001 12.04204 12.04204  1.46634  0.26236  1.09861  0.40547
    132   1.26536  1.52113  1.56095  1.23973    132 t - - -
          1.38629  1.38629  1.38629  1.38629
          0.00001 12.04204 12.04204  1.46634  0.26236  1.09861  0.40547
    133   1.25402  1.54979  1.55884  1.23109    133 t - - -
          1.38629  1.38629  1.38629  1.38629
          0.00001 12.04204 12.04204  1.46634  0.26236  1.09861  0.40547
    134   1.26985  1.51762  1.53905  1.25418    134 t - - -
          1.38629  1.38629  1.38629  1.38629
          0.00001 12.04204 12.04204  1.46634  0.26236  1.09861  0.40547
    135   1.24824  1.52921  1.56317  1.24893    135 a - - -
          1.38629  1.38629  1.38629  1.38629
          0.00001 12.04204 12.04204  1.46634  0.26236  1.09861  0.40547
    136   1.26678  1.51902  1.53651  1.25805    136 t - - -
          1.38629  1.38629  1.38629  1.38629
          0.00001 12.04204 12.04204  1.46634  0.26236  1.09861  0.40547
    137   1.27844  1.50559  1.53310  1.25958    137 t - - -
          1.38629  1.38629  1.38629  1.38629
          0.00001 12.04204 12.04204  1.46634  0.26236  1.09861  0.40547
    138   1.26619  1.50798  1.52789  1.27387    138 a - - -
          1.38629  1.38629  1.38629  1.38629
          0.00001 12.04204 12.04204  1.46634  0.26236  1.09861  0.40547
    139   1.25977  1.52692  1.55318  1.24652    139 t - - -
          1.38629  1.38629  1.38629  1.38629
          0.00001 12.04204 12.04204  1.46634  0.26236  1.09861  0.40547
    140   1.26432  1.51421  1.57473  1.23606    140 t - - -
          1.38629  1.38629  1.38629  1.38629
          0.00001 12.04204 12.04204  1.46634  0.26236  1.09861  0.40547
    141   1.30045  1.51391  1.53025  1.23421    141 t - - -
          1.38629  1.38629  1.38629  1.38629
          0.00001 12.04204 12.04204  1.46634  0.26236  1.09861  0.40547
    142   1.26379  1.51509  1.55172  1.25265    142 t - - -
          1.38629  1.38629  1.38629  1.38629
          0.00001 12.04204 12.04204  1.46634  0.26236  1.09861  0.40547
    143   1.26083  1.51778  1.53425  1.26667    143 a - - -
          1.38629  1.38629  1.38629  1.38629
          0.00001 12.04204 12.04204  1.46634  0.26236  1.09861  0.40547
    144   1.30185  1.50958  1.50598  1.25468    144 t - - -
          1.38629  1.38629  1.38629  1.38629
          0.00001 12.04204 12.04204  1.46634  0.26236  1.09861  0.40547
    145   1.29949  1.51644  1.49547  1.25986    145 t - - -
          1.38629  1.38629  1.38629  1.38629
          0.00001 12.04204 12.04204  1.46634  0.26236  1.09861  0.40547
    146   1.30651  1.48573  1.51494  1.26203    146 t - - -
          1.38629  1.38629  1.38629  1.38629
          0.00001 12.04204 12.04204  1.46634  0.26236  1.09861  0.40547
    147   1.30545  1.49608  1.46270  1.29706    147 t - - -
          1.38629  1.38629  1.38629  1.38629
          0.00001 12.04204 12.04204  1.46634  0.26236  1.09861  0.40547
    148   1.30027  1.50418  1.49852  1.26626    148 t - - -
          1.38629  1.38629  1.38629  1.38629
          0.00001 12.04204 12.04204  1.46634  0.26236  1.09861  0.40547
    149   1.30439  1.48210  1.50863  1.27193    149 t - - -
          1.38629  1.38629  1.38629  1.38629
          0.00001 12.04204 12.04204  1.46634  0.26236  1.09861  0.40547
    150   1.28154  1.50619  1.50610  1.27703    150 t - - -
          1.38629  1.38629  1.38629  1.38629
          0.00001 12.04204 12.04204  1.46634  0.26236  1.09861  0.40547
    151   1.27744  1.52398  1.52415  1.25316    151 t - - -
          1.38629  1.38629  1.38629  1.38629
          0.00001 12.04204 12.04204  1.46634  0.26236  1.09861  0.40547
    152   1.30215  1.49637  1.52859  1.24733    152 t - - -
          1.38629  1.38629  1.38629  1.38629
          0.00001 12.04204 12.04204  1.46634  0.26236  1.09861  0.40547
    153   1.31101  1.51082  1.48277  1.26331    153 t - - -
          1.38629  1.38629  1.38629  1.38629
          0.00001 12.04204 12.04204  1.46634  0.26236  1.09861  0.40547
    154   1.30899  1.48373  1.51255  1.26312    154 t - - -
          1.38629  1.38629  1.38629  1.38629
          0.00001 12.04204 12.04204  1.46634  0.26236  1.09861  0.40547
    155   1.31660  1.47006  1.48808  1.28650    155 t - - -
          1.38629  1.38629  1.38629  1.38629
          0.00001 12.04204 12.04204  1.46634  0.26236  1.09861  0.40547
    156   1.31622  1.47786  1.50055  1.27040    156 t - - -
          1.38629  1.38629  1.38629  1.38629
          0.00001 12.04204 12.04204  1.46634  0.26236  1.09861  0.40547
    157   1.33346  1.43119  1.52562  1.27323    157 t - - -
          1.38629  1.38629  1.38629  1.38629
          0.00001 12.04204 12.04204  1.46634  0.26236  1.09861  0.40547
    158   1.33326  1.45277  1.49017  1.28329    158 t - - -
          1.38629  1.38629  1.38629  1.38629
          0.00001 12.04204 12.04204  1.46634  0.26236  1.09861  0.40547
    159   1.33795  1.46423  1.48550  1.27307    159 t - - -
          1.38629  1.38629  1.38629  1.38629
          0.00001 12.04204 12.04204  1.46634  0.26236  1.09861  0.40547
    160   1.32513  1.44022  1.50831  1.28709    160 t - - -
          1.38629  1.38629  1.38629  1.38629
          0.00001 12.04204 12.04204  1.46634  0.26236  1.09861  0.40547
    161   1.31115  1.48498  1.49463  1.27421    161 t - - -
          1.38629  1.38629  1.38629  1.38629
          0.00001 12.04204 12.04204  1.46634  0.26236  1.09861  0.40547
    162   1.31244  1.49307  1.48634  1.27312    162 t - - -
          1.38629  1.38629  1.38629  1.38629
          0.00001 12.04204 12.04204  1.46634  0.26236  1.09861  0.40547
    163   1.31536  1.48573  1.50595  1.26062    163 t - - -
          1.38629  1.38629  1.38629  1.38629
          0.00001 12.04204 12.04204  1.46634  0.26236  1.09861  0.40547
    164   1.30305  1.52459  1.48746  1.25652    164 t - - -
          1.38629  1.38629  1.38629  1.38629
          0.00001 12.04204 12.04204  1.46634  0.26236  1.09861  0.40547
    165   1.30206  1.53107  1.44119  1.29069    165 t - - -
          1.38629  1.38629  1.38629  1.38629
          0.00001 12.04204 12.04204  1.46634  0.26236  1.09861  0.40547
    166   1.28711  1.51909  1.43747  1.31866    166 a - - -
          1.38629  1.38629  1.38629  1.38629
          0.00001 12.04204 12.04204  1.46634  0.26236  1.09861  0.40547
    167   1.34863  1.53319  1.36937  1.30825    167 t - - -
          1.38629  1.38629  1.38629  1.38629
          0.00001 12.04204 12.04204  1.46634  0.26236  1.09861  0.40547
    168   1.40510  1.43031  1.45486  1.26588    168 t - - -
          1.38629  1.38629  1.38629  1.38629
          0.00001 12.04204 12.04204  1.46634  0.26236  1.09861  0.40547
    169   1.41938  1.42565  1.55828  1.17998    169 t - - -
          1.38629  1.38629  1.38629  1.38629
          0.00001 12.04204 12.04204  1.46634  0.26236  1.09861  0.40547
    170   1.30160  1.55327  1.62548  1.14090    170 t - - -
          1.38629  1.38629  1.38629  1.38629
          0.00001 12.04204 12.04204  1.46634  0.26236  1.09861  0.40547
    171   1.14534  1.64877  1.68940  1.18755    171 a - - -
          1.38629  1.38629  1.38629  1.38629
          0.00001 12.04204 12.04204  1.46634  0.26236  1.09861  0.40547
    172   1.09940  1.67662  1.65104  1.24454    172 a - - -
          1.38629  1.38629  1.38629  1.38629
          0.00001 12.04204 12.04204  1.46634  0.26236  1.09861  0.40547
    173   1.08064  1.69651  1.64983  1.25451    173 a - - -
          1.38629  1.38629  1.38629  1.38629
          0.00001 12.04204 12.04204  1.46634  0.26236  1.09861  0.40547
    174   1.12453  1.64606  1.64902  1.23736    174 a - - -
          1.38629  1.38629  1.38629  1.38629
          0.00001 12.04204 12.04204  1.46634  0.26236  1.09861  0.40547
    175   1.15650  1.60119  1.57581  1.28403    175 a - - -
          1.38629  1.38629  1.38629  1.38629
          0.00001 12.04204 12.04204  1.46634  0.26236  1.09861  0.40547
    176   1.19191  1.53515  1.49085  1.36354    176 a - - -
          1.38629  1.38629  1.38629  1.38629
          0.00001 12.04204 12.04204  1.46634  0.26236  1.09861  0.40547
    177   1.30978  1.45591  1.47418  1.31689    177 a - - -
          1.38629  1.38629  1.38629  1.38629
          0.00001 12.04204 12.04204  1.46634  0.26236  1.09861  0.40547
    178   1.32863  1.42186  1.43593  1.36257    178 a - - -
          1.38629  1.38629  1.38629  1.38629
          0.00001 12.04204 12.04204  1.46634  0.26236  1.09861  0.40547
    179   1.36339  1.45507  1.40634  1.32507    179 t - - -
          1.38629  1.38629  1.38629  1.38629
          0.00001 12.04204 12.04204  1.46634  0.26236  1.09861  0.40547
    180   1.41492  1.40398  1.42054  1.30987    180 t - - -
          1.38629  1.38629  1.38629  1.38629
          0.00001 12.04204 12.04204  1.46634  0.26236  1.09861  0.40547
    181   1.39675  1.43178  1.41051  1.31045    181 t - - -
          1.38629  1.38629  1.38629  1.38629
          0.00001 12.04204 12.04204  1.46634  0.26236  1.09861  0.40547
    182   1.33843  1.40870  1.45276  1.34954    182 a - - -
          1.38629  1.38629  1.38629  1.38629
          0.00001 12.04204 12.04204  1.46634  0.26236  1.09861  0.40547
    183   1.31937  1.41236  1.50836  1.31732    183 t - - -
          1.38629  1.38629  1.38629  1.38629
          0.00001 12.04204 12.04204  1.46634  0.26236  1.09861  0.40547
    184   1.33281  1.42112  1.49296  1.30890    184 t - - -
          1.38629  1.38629  1.38629  1.38629
          0.00001 12.04204 12.04204  1.46634  0.26236  1.09861  0.40547
    185   1.33693  1.41220  1.52881  1.28392    185 t - - -
          1.38629  1.38629  1.38629  1.38629
          0.00001 12.04204 12.04204  1.46634  0.26236  1.09861  0.40547
    186   1.41269  1.38454  1.52802  1.24095    186 t - - -
          1.38629  1.38629  1.38629  1.38629
          0.00001 12.04204 12.04204  1.46634  0.26236  1.09861  0.40547
    187   1.37862  1.42287  1.47625  1.27812    187 t - - -
          1.38629  1.38629  1.38629  1.38629
          0.00001 12.04204 12.04204  1.46634  0.26236  1.09861  0.40547
    188   1.38401  1.34222  1.47573  1.34880    188 c - - -
          1.38629  1.38629  1.38629  1.38629
          0.00001 12.04204 12.04204  1.46634  0.26236  1.09861  0.40547
    189   1.38404  1.31804  1.43610  1.41091    189 c - - -
          1.38629  1.38629  1.38629  1.38629
          0.00001 12.04204 12.04204  1.46634  0.26236  1.09861  0.40547
    190   1.35831  1.37938  1.43509  1.37406    190 a - - -
          1.38629  1.38629  1.38629  1.38629
          0.00001 12.04204 12.04204  1.46634  0.26236  1.09861  0.40547
    191   1.26554  1.47855  1.54762  1.28304    191 a - - -
          1.38629  1.38629  1.38629  1.38629
          0.00001 12.04204 12.04204  1.46634  0.26236  1.09861  0.40547
    192   1.31678  1.48894  1.50791  1.25520    192 t - - -
          1.38629  1.38629  1.38629  1.38629
          0.00001 12.04204 12.04204  1.46634  0.26236  1.09861  0.40547
    193   1.32774  1.47108  1.50860  1.25868    193 t - - -
          1.38629  1.38629  1.38629  1.38629
          0.00001 12.04204 12.04204  1.46634  0.26236  1.09861  0.40547
    194   1.27309  1.49302  1.55771  1.25623    194 t - - -
          1.38629  1.38629  1.38629  1.38629
          0.00001 12.04204 12.04204  1.46634  0.26236  1.09861  0.40547
    195   1.23932  1.47929  1.51702  1.33462    195 a - - -
          1.38629  1.38629  1.38629  1.38629
          0.00001 12.04204 12.04204  1.46634  0.26236  1.09861  0.40547
    196   1.31350  1.37299  1.63113  1.26561    196 t - - -
          1.38629  1.38629  1.38629  1.38629
          0.00001 12.04204 12.04204  1.46634  0.26236  1.09861  0.40547
    197   1.25970  1.39922  1.48984  1.41033    197 a - - -
          1.38629  1.38629  1.38629  1.38629
          0.00001 12.04204 12.04204  1.46634  0.26236  1.09861  0.40547
    198   1.42529  1.80581  1.27891  1.14923    198 t - - -
          1.38629  1.38629  1.38629  1.38629
          0.00001 12.04204 12.04204  1.46634  0.26236  1.09861  0.40547
    199   2.10852  1.71317  1.86711  0.60933    199 t - - -
          1.38629  1.38629  1.38629  1.38629
          0.00001 12.04204 12.04204  1.46634  0.26236  1.09861  0.40547
    200   3.53454  0.47380  3.69510  1.12902    200 c - - -
          1.38629  1.38629  1.38629  1.38629
          0.00001 12.04204 12.04204  1.46634  0.26236  1.09861  0.40547
    201   0.19917  3.19781  2.11983  3.92775    201 a - - -
          1.38629  1.38629  1.38629  1.38629
          0.00001 12.04204 12.04204  1.46634  0.26236  1.09861  0.40547
    202   1.77697  1.90364  0.78590  1.48670    202 g - - -
          1.38629  1.38629  1.38629  1.38629
          0.00001 12.04204 12.04204  1.46634  0.26236  1.09861  0.40547
    203   1.42723  2.20407  2.64106  0.54751    203 t - - -
          1.38629  1.38629  1.38629  1.38629
          0.00001 12.04204 12.04204  1.46634  0.26236  1.09861  0.40547
    204   1.42126  1.41441  1.89047  1.00917    204 t - - -
          1.38629  1.38629  1.38629  1.38629
          0.00001 12.04204 12.04204  1.46634  0.26236  1.09861  0.40547
    205   1.55469  1.61169  1.34717  1.11103    205 t - - -
          1.38629  1.38629  1.38629  1.38629
          0.00001 12.04204 12.04204  1.46634  0.26236  1.09861  0.40547
    206   1.37440  1.54294  1.52897  1.15044    206 t - - -
          1.38629  1.38629  1.38629  1.38629
          0.00001 12.04204 12.04204  1.46634  0.26236  1.09861  0.40547
    207   1.22078  1.51067  1.65804  1.22511    207 a - - -
          1.38629  1.38629  1.38629  1.38629
          0.00001 12.04204 12.04204  1.46634  0.26236  1.09861  0.40547
    208   1.21947  1.63837  1.63006  1.15709    208 t - - -
          1.38629  1.38629  1.38629  1.38629
          0.00001 12.04204 12.04204  1.46634  0.26236  1.09861  0.40547
    209   1.29672  1.67490  1.69609  1.03325    209 t - - -
          1.38629  1.38629  1.38629  1.38629
          0.00001 12.04204 12.04204  1.46634  0.26236  1.09861  0.40547
    210   1.43374  1.44041  1.77780  1.03354    210 t - - -
          1.38629  1.38629  1.38629  1.38629
          0.00001 12.04204 12.04204  1.46634  0.26236  1.09861  0.40547
    211   1.39989  1.40675  1.53479  1.22779    211 t - - -
          1.38629  1.38629  1.38629  1.38629
          0.00001 12.04204 12.04204  1.46634  0.26236  1.09861  0.40547
    212   1.10240  1.82423  1.34774  1.39934    212 a - - -
          1.38629  1.38629  1.38629  1.38629
          0.00001 12.04204 12.04204  1.46634  0.26236  1.09861  0.40547
    213   1.15393  1.68518  1.36137  1.41517    213 a - - -
          1.38629  1.38629  1.38629  1.38629
          0.00001 12.04204 12.04204  1.46634  0.26236  1.09861  0.40547
    214   1.20862  1.28415  1.74936  1.38383    214 a - - -
          1.38629  1.38629  1.38629  1.38629
          0.00001 12.04204 12.04204  1.46634  0.26236  1.09861  0.40547
    215   1.27874  1.38672  1.63186  1.28680    215 a - - -
          1.38629  1.38629  1.38629  1.38629
          0.00001 12.04204 12.04204  1.46634  0.26236  1.09861  0.40547
    216   1.55925  1.45959  1.40462  1.16503    216 t - - -
          1.38629  1.38629  1.38629  1.38629
          0.00001 12.04204 12.04204  1.46634  0.26236  1.09861  0.40547
    217   1.81336  1.28277  1.80312  0.92927    217 t - - -
          1.38629  1.38629  1.38629  1.38629
          0.00001 12.04204 12.04204  1.46634  0.26236  1.09861  0.40547
    218   1.66179  1.12401  1.44044  1.39271    218 c - - -
          1.38629  1.38629  1.38629  1.38629
          0.00001 12.04204 12.04204  1.46634  0.26236  1.09861  0.40547
    219   1.28752  1.54930  1.22800  1.51973    219 g - - -
          1.38629  1.38629  1.38629  1.38629
          0.00001 12.04204 12.04204  1.46634  0.26236  1.09861  0.40547
    220   1.08771  1.59924  1.66236  1.30463    220 a - - -
          1.38629  1.38629  1.38629  1.38629
          0.00001 12.04204 12.04204  1.46634  0.26236  1.09861  0.40547
    221   1.21747  1.46324  1.49087  1.39690    221 a - - -
          1.38629  1.38629  1.38629  1.38629
          0.00001 12.04204 12.04204  1.46634  0.26236  1.09861  0.40547
    222   1.39387  1.32795  1.27766  1.56935    222 g - - -
          1.38629  1.38629  1.38629  1.38629
          0.00001 12.04204 12.04204  1.46634  0.26236  1.09861  0.40547
    223   1.20767  1.45652  1.36654  1.54612    223 a - - -
          1.38629  1.38629  1.38629  1.38629
          0.00001 12.04204 12.04204  1.46634  0.26236  1.09861  0.40547
    224   1.13390  1.91199  1.08178  1.65315    224 g - - -
          1.38629  1.38629  1.38629  1.38629
          0.00001 12.04204 12.04204  1.46634  0.26236  1.09861  0.40547
    225   1.11621  1.85478  1.46569  1.25501    225 a - - -
          1.38629  1.38629  1.38629  1.38629
          0.00001 12.04204 12.04204  1.46634  0.26236  1.09861  0.40547
    226   1.22703  1.62231  1.46335  1.28036    226 a - - -
          1.38629  1.38629  1.38629  1.38629
          0.00001 12.04204 12.04204  1.46634  0.26236  1.09861  0.40547
    227   1.13552  1.20107  1.80425  1.54518    227 a - - -
          1.38629  1.38629  1.38629  1.38629
          0.00001 12.04204 12.04204  1.46634  0.26236  1.09861  0.40547
    228   1.05747  1.95715  1.07523  1.77085    228 a - - -
          1.38629  1.38629  1.38629  1.38629
          0.00001 12.04204 12.04204  1.46634  0.26236  1.09861  0.40547
    229   1.41598  1.48249  1.02742  1.75845    229 g - - -
          1.38629  1.38629  1.38629  1.38629
          0.00001 12.04204 12.04204  1.46634  0.26236  1.09861  0.40547
    230   0.92862  1.97665  1.80252  1.19902    230 a - - -
          1.38629  1.38629  1.38629  1.38629
          0.00001 12.04204 12.04204  1.46634  0.26236  1.09861  0.40547
    231   1.36167  1.37552  1.75236  1.14667    231 t - - -
          1.38629  1.38629  1.38629  1.38629
          0.00001 12.04204 12.04204  1.46634  0.26236  1.09861  0.40547
    232   1.51360  1.30945  1.25292  1.49500    232 g - - -
          1.38629  1.38629  1.38629  1.38629
          0.00001 12.04204 12.04204  1.46634  0.26236  1.09861  0.40547
    233   1.34044  1.57945  1.46060  1.20370    233 t - - -
          1.38629  1.38629  1.38629  1.38629
          0.00001 12.04204 12.04204  1.46634  0.26236  1.09861  0.40547
    234   1.26014  1.49524  1.52616  1.29162    234 a - - -
          1.38629  1.38629  1.38629  1.38629
          0.00001 12.04204 12.04204  1.46634  0.26236  1.09861  0.40547
    235   1.22085  1.57917  1.64762  1.18297    235 t - - -
          1.38629  1.38629  1.38629  1.38629
          0.00001 12.04204 12.04204  1.46634  0.26236  1.09861  0.40547
    236   1.23642  1.59230  1.65153  1.15721    236 t - - -
          1.38629  1.38629  1.38629  1.38629
          0.00001 12.04204 12.04204  1.46634  0.26236  1.09861  0.40547
    237   1.26878  1.61053  1.66256  1.11051    237 t - - -
          1.38629  1.38629  1.38629  1.38629
          0.00001 12.04204 12.04204  1.46634  0.26236  1.09861  0.40547
    238   1.30527  1.55614  1.58751  1.15990    238 t - - -
          1.38629  1.38629  1.38629  1.38629
          0.00001 12.04204 12.04204  1.46634  0.26236  1.09861  0.40547
    239   1.29898  1.54363  1.55119  1.19868    239 t - - -
          1.38629  1.38629  1.38629  1.38629
          0.00001 12.04204 12.04204  1.46634  0.26236  1.09861  0.40547
    240   1.28199  1.56362  1.53261  1.21346    240 t - - -
          1.38629  1.38629  1.38629  1.38629
          0.00001 12.04204 12.04204  1.46634  0.26236  1.09861  0.40547
    241   1.26045  1.57730  1.49355  1.25397    241 t - - -
          1.38629  1.38629  1.38629  1.38629
          0.00001 12.04204 12.04204  1.46634  0.26236  1.09861  0.40547
    242   1.23232  1.59390  1.53489  1.23865    242 a - - -
          1.38629  1.38629  1.38629  1.38629
          0.00001 12.04204 12.04204  1.46634  0.26236  1.09861  0.40547
    243   1.22831  1.56928  1.57449  1.23133    243 a - - -
          1.38629  1.38629  1.38629  1.38629
          0.00001 12.04204 12.04204  1.46634  0.26236  1.09861  0.40547
    244   1.21480  1.59396  1.53886  1.25357    244 a - - -
          1.38629  1.38629  1.38629  1.38629
          0.00001 12.04204 12.04204  1.46634  0.26236  1.09861  0.40547
    245   1.20371  1.56327  1.59373  1.24722    245 a - - -
          1.38629  1.38629  1.38629  1.38629
          0.00001 12.04204 12.04204  1.46634  0.26236  1.09861  0.40547
    246   1.22740  1.56355  1.57302  1.23740    246 a - - -
          1.38629  1.38629  1.38629  1.38629
          0.00001 12.04204 12.04204  1.46634  0.26236  1.09861  0.40547
    247   1.22335  1.53802  1.58110  1.25456    247 a - - -
          1.38629  1.38629  1.38629  1.38629
          0.00001 12.04204 12.04204  1.46634  0.26236  1.09861  0.40547
    248   1.25026  1.54842  1.56039  1.23467    248 t - - -
          1.38629  1.38629  1.38629  1.38629
          0.00001 12.04204 12.04204  1.46634  0.26236  1.09861  0.40547
    249   1.25040  1.53588  1.58659  1.22512    249 t - - -
          1.38629  1.38629  1.38629  1.38629
          0.00001 12.04204 12.04204  1.46634  0.26236  1.09861  0.40547
    250   1.23189  1.53724  1.58914  1.24069    250 a - - -
          1.38629  1.38629  1.38629  1.38629
          0.00001 12.04204 12.04204  1.46634  0.26236  1.09861  0.40547
    251   1.21503  1.56044  1.57784  1.24886    251 a - - -
          1.38629  1.38629  1.38629  1.38629
          0.00001 12.04204 12.04204  1.46634  0.26236  1.09861  0.40547
    252   1.18045  1.60716  1.59680  1.23836    252 a - - -
          1.38629  1.38629  1.38629  1.38629
          0.00001 12.04204 12.04204  1.46634  0.26236  1.09861  0.40547
    253   1.13164  1.65595  1.63210  1.23420    253 a - - -
          1.38629  1.38629  1.38629  1.38629
          0.00001 12.04204 12.04204  1.46634  0.26236  1.09861  0.40547
    254   1.11250  1.66647  1.65786  1.23167    254 a - - -
          1.38629  1.38629  1.38629  1.38629
          0.00001 12.04204 12.04204  1.46634  0.26236  1.09861  0.40547
    255   1.10848  1.67538  1.70119  1.20319    255 a - - -
          1.38629  1.38629  1.38629  1.38629
          0.00001 12.04204 12.04204  1.46634  0.26236  1.09861  0.40547
    256   1.12855  1.64175  1.72401  1.18906    256 a - - -
          1.38629  1.38629  1.38629  1.38629
          0.00001 12.04204 12.04204  1.46634  0.26236  1.09861  0.40547
    257   1.12367  1.67505  1.68861  1.19456    257 a - - -
          1.38629  1.38629  1.38629  1.38629
          0.00001 12.04204 12.04204  1.46634  0.26236  1.09861  0.40547
    258   1.15270  1.64472  1.64492  1.21026    258 a - - -
          1.38629  1.38629  1.38629  1.38629
          0.00001 12.04204 12.04204  1.46634  0.26236  1.09861  0.40547
    259   1.16189  1.62199  1.61445  1.23581    259 a - - -
          1.38629  1.38629  1.38629  1.38629
          0.00001 12.04204 12.04204  1.46634  0.26236  1.09861  0.40547
    260   1.18597  1.59961  1.60054  1.23516    260 a - - -
          1.38629  1.38629  1.38629  1.38629
          0.00001 12.04204 12.04204  1.46634  0.26236  1.09861  0.40547
    261   1.20193  1.58018  1.58742  1.24134    261 a - - -
          1.38629  1.38629  1.38629  1.38629
          0.00001 12.04204 12.04204  1.46634  0.26236  1.09861  0.40547
    262   1.16006  1.60663  1.59845  1.25962    262 a - - -
          1.38629  1.38629  1.38629  1.38629
          0.00001 12.04204 12.04204  1.46634  0.26236  1.09861  0.40547
    263   1.13380  1.64229  1.60693  1.25824    263 a - - -
          1.38629  1.38629  1.38629  1.38629
          0.00001 12.04204 12.04204  1.46634  0.26236  1.09861  0.40547
    264   1.12435  1.65642  1.67016  1.21707    264 a - - -
          1.38629  1.38629  1.38629  1.38629
          0.00001 12.04204 12.04204  1.46634  0.26236  1.09861  0.40547
    265   1.11378  1.66381  1.66320  1.22848    265 a - - -
          1.38629  1.38629  1.38629  1.38629
          0.00001 12.04204 12.04204  1.46634  0.26236  1.09861  0.40547
    266   1.10904  1.64166  1.67599  1.24014    266 a - - -
          1.38629  1.38629  1.38629  1.38629
          0.00001 12.04204 12.04204  1.46634  0.26236  1.09861  0.40547
    267   1.12521  1.65010  1.67114  1.21959    267 a - - -
          1.38629  1.38629  1.38629  1.38629
          0.00001 12.04204 12.04204  1.46634  0.26236  1.09861  0.40547
    268   1.15809  1.59409  1.61294  1.26047    268 a - - -
          1.38629  1.38629  1.38629  1.38629
          0.00001 12.04204 12.04204  1.46634  0.26236  1.09861  0.40547
    269   1.16484  1.56763  1.59389  1.28607    269 a - - -
          1.38629  1.38629  1.38629  1.38629
          0.00001 12.04204 12.04204  1.46634  0.26236  1.09861  0.40547
    270   1.17328  1.56615  1.55941  1.30364    270 a - - -
          1.38629  1.38629  1.38629  1.38629
          0.00001 12.04204 12.04204  1.46634  0.26236  1.09861  0.40547
    271   1.18939  1.55882  1.54187  1.30479    271 a - - -
          1.38629  1.38629  1.38629  1.38629
          0.00001 12.04204 12.04204  1.46634  0.26236  1.09861  0.40547
    272   1.18985  1.54638  1.55717  1.30200    272 a - - -
          1.38629  1.38629  1.38629  1.38629
          0.00001 12.04204 12.04204  1.46634  0.26236  1.09861  0.40547
    273   1.17486  1.55732  1.57911  1.29361    273 a - - -
          1.38629  1.38629  1.38629  1.38629
          0.00001 12.04204 12.04204  1.46634  0.26236  1.09861  0.40547
    274   1.17050  1.57553  1.58748  1.27851    274 a - - -
          1.38629  1.38629  1.38629  1.38629
          0.00001 12.04204 12.04204  1.46634  0.26236  1.09861  0.40547
    275   1.13515  1.59914  1.61827  1.27900    275 a - - -
          1.38629  1.38629  1.38629  1.38629
          0.00001 12.04204 12.04204  1.46634  0.26236  1.09861  0.40547
    276   1.15031  1.58535  1.63712  1.25863    276 a - - -
          1.38629  1.38629  1.38629  1.38629
          0.00001 12.04204 12.04204  1.46634  0.26236  1.09861  0.40547
    277   1.14701  1.60228  1.59424  1.28044    277 a - - -
          1.38629  1.38629  1.38629  1.38629
          0.00001 12.04204 12.04204  1.46634  0.26236  1.09861  0.40547
    278   1.15051  1.56432  1.57640  1.31835    278 a - - -
          1.38629  1.38629  1.38629  1.38629
          0.00001 12.04204 12.04204  1.46634  0.26236  1.09861  0.40547
    279   1.16866  1.55342  1.56410  1.31521    279 a - - -
          1.38629  1.38629  1.38629  1.38629
          0.00001 12.04204 12.04204  1.46634  0.26236  1.09861  0.40547
    280   1.18081  1.55258  1.53963  1.32123    280 a - - -
          1.38629  1.38629  1.38629  1.38629
          0.00001 12.04204 12.04204  1.46634  0.26236  1.09861  0.40547
    281   1.22058  1.54005  1.50451  1.31511    281 a - - -
          1.38629  1.38629  1.38629  1.38629
          0.00001 12.04204 12.04204  1.46634  0.26236  1.09861  0.40547
    282   1.20596  1.51151  1.53003  1.33374    282 a - - -
          1.38629  1.38629  1.38629  1.38629
          0.00001 12.04204 12.04204  1.46634  0.26236  1.09861  0.40547
    283   1.21896  1.51076  1.49783  1.34667    283 a - - -
          1.38629  1.38629  1.38629  1.38629
          0.00001 12.04204 12.04204  1.46634  0.26236  1.09861  0.40547
    284   1.19633  1.52374  1.53085  1.33388    284 a - - -
          1.38629  1.38629  1.38629  1.38629
          0.00001 12.04204 12.04204  1.46634  0.26236  1.09861  0.40547
    285   1.16598  1.53320  1.58350  1.31944    285 a - - -
          1.38629  1.38629  1.38629  1.38629
          0.00001 12.04204 12.04204  1.46634  0.26236  1.09861  0.40547
    286   1.17137  1.55019  1.56217  1.31613    286 a - - -
          1.38629  1.38629  1.38629  1.38629
          0.00001 12.04204 12.04204  1.46634  0.26236  1.09861  0.40547
    287   1.16588  1.55390  1.58551  1.30163    287 a - - -
          1.38629  1.38629  1.38629  1.38629
          0.00001 12.04204 12.04204  1.46634  0.26236  1.09861  0.40547
    288   1.15310  1.56867  1.54417  1.33739    288 a - - -
          1.38629  1.38629  1.38629  1.38629
          0.00001 12.04204 12.04204  1.46634  0.26236  1.09861  0.40547
    289   1.18901  1.55883  1.50545  1.33493    289 a - - -
          1.38629  1.38629  1.38629  1.38629
          0.00001 12.04204 12.04204  1.46634  0.26236  1.09861  0.40547
    290   1.19493  1.53637  1.49049  1.35927    290 a - - -
          1.38629  1.38629  1.38629  1.38629
          0.00001 12.04204 12.04204  1.46634  0.26236  1.09861  0.40547
    291   1.21135  1.52069  1.50377  1.34188    291 a - - -
          1.38629  1.38629  1.38629  1.38629
          0.00001 12.04204 12.04204  1.46634  0.26236  1.09861  0.40547
    292   1.23197  1.49380  1.49472  1.34918    292 a - - -
          1.38629  1.38629  1.38629  1.38629
          0.00001 12.04204 12.04204  1.46634  0.26236  1.09861  0.40547
    293   1.22522  1.49870  1.48970  1.35694    293 a - - -
          1.38629  1.38629  1.38629  1.38629
          0.00001 12.04204 12.04204  1.46634  0.26236  1.09861  0.40547
    294   1.20927  1.48546  1.50995  1.36937    294 a - - -
          1.38629  1.38629  1.38629  1.38629
          0.00001 12.04204 12.04204  1.46634  0.26236  1.09861  0.40547
    295   1.20791  1.50568  1.50554  1.35706    295 a - - -
          1.38629  1.38629  1.38629  1.38629
          0.00001 12.04204 12.04204  1.46634  0.26236  1.09861  0.40547
    296   1.20277  1.50541  1.51460  1.35550    296 a - - -
          1.38629  1.38629  1.38629  1.38629
          0.00001 12.04204 12.04204  1.46634  0.26236  1.09861  0.40547
    297   1.18810  1.54125  1.50043  1.35460    297 a - - -
          1.38629  1.38629  1.38629  1.38629
          0.00001 12.04204 12.04204  1.46634  0.26236  1.09861  0.40547
    298   1.18508  1.53572  1.47009  1.39002    298 a - - -
          1.38629  1.38629  1.38629  1.38629
          0.00001 12.04204 12.04204  1.46634  0.26236  1.09861  0.40547
    299   1.18236  1.52266  1.49874  1.37871    299 a - - -
          1.38629  1.38629  1.38629  1.38629
          0.00001 12.04204 12.04204  1.46634  0.26236  1.09861  0.40547
    300   1.18528  1.54926  1.49916  1.35241    300 a - - -
          1.38629  1.38629  1.38629  1.38629
          0.00001 12.04204 12.04204  1.46634  0.26236  1.09861  0.40547
    301   1.22776  1.51397  1.46952  1.35876    301 a - - -
          1.38629  1.38629  1.38629  1.38629
          0.00001 12.04204 12.04204  1.46634  0.26236  1.09861  0.40547
    302   1.22444  1.52364  1.47406  1.35028    302 a - - -
          1.38629  1.38629  1.38629  1.38629
          0.00001 12.04204 12.04204  1.46634  0.26236  1.09861  0.40547
    303   1.22311  1.49098  1.48880  1.36692    303 a - - -
          1.38629  1.38629  1.38629  1.38629
          0.00001 12.04204 12.04204  1.46634  0.26236  1.09861  0.40547
    304   1.24179  1.47795  1.47591  1.36863    304 a - - -
          1.38629  1.38629  1.38629  1.38629
          0.00001 12.04204 12.04204  1.46634  0.26236  1.09861  0.40547
    305   1.24240  1.47108  1.47209  1.37758    305 a - - -
          1.38629  1.38629  1.38629  1.38629
          0.00001 12.04204 12.04204  1.46634  0.26236  1.09861  0.40547
    306   1.23111  1.47086  1.49100  1.37375    306 a - - -
          1.38629  1.38629  1.38629  1.38629
          0.00001 12.04204 12.04204  1.46634  0.26236  1.09861  0.40547
    307   1.22720  1.47622  1.48949  1.37476    307 a - - -
          1.38629  1.38629  1.38629  1.38629
          0.00001 12.04204 12.04204  1.46634  0.26236  1.09861  0.40547
    308   1.19879  1.53484  1.46537  1.37848    308 a - - -
          1.38629  1.38629  1.38629  1.38629
          0.00001 12.04204 12.04204  1.46634  0.26236  1.09861  0.40547
    309   1.18884  1.52267  1.49732  1.37212    309 a - - -
          1.38629  1.38629  1.38629  1.38629
          0.00001 12.04204 12.04204  1.46634  0.26236  1.09861  0.40547
    310   1.19967  1.51813  1.48700  1.37225    310 a - - -
          1.38629  1.38629  1.38629  1.38629
          0.00001 12.04204 12.04204  1.46634  0.26236  1.09861  0.40547
    311   1.20097  1.49002  1.47143  1.41005    311 a - - -
          1.38629  1.38629  1.38629  1.38629
          0.00001 12.04204 12.04204  1.46634  0.26236  1.09861  0.40547
    312   1.20789  1.49649  1.46525  1.40147    312 a - - -
          1.38629  1.38629  1.38629  1.38629
          0.00001 12.04204 12.04204  1.46634  0.26236  1.09861  0.40547
    313   1.23895  1.47598  1.46636  1.38233    313 a - - -
          1.38629  1.38629  1.38629  1.38629
          0.00001 12.04204 12.04204  1.46634  0.26236  1.09861  0.40547
    314   1.23697  1.47087  1.49316  1.36512    314 a - - -
          1.38629  1.38629  1.38629  1.38629
          0.00001 12.04204 12.04204  1.46634  0.26236  1.09861  0.40547
    315   1.25679  1.44201  1.46417  1.39550    315 a - - -
          1.38629  1.38629  1.38629  1.38629
          0.00001 12.04204 12.04204  1.46634  0.26236  1.09861  0.40547
    316   1.26132  1.46904  1.45256  1.37593    316 a - - -
          1.38629  1.38629  1.38629  1.38629
          0.00001 12.04204 12.04204  1.46634  0.26236  1.09861  0.40547
    317   1.26733  1.45123  1.43781  1.39963    317 a - - -
          1.38629  1.38629  1.38629  1.38629
          0.00001 12.04204 12.04204  1.46634  0.26236  1.09861  0.40547
    318   1.21892  1.48309  1.46524  1.40042    318 a - - -
          1.38629  1.38629  1.38629  1.38629
          0.00001 12.04204 12.04204  1.46634  0.26236  1.09861  0.40547
    319   1.24410  1.47674  1.43573  1.40454    319 a - - -
          1.38629  1.38629  1.38629  1.38629
          0.00001 12.04204 12.04204  1.46634  0.26236  1.09861  0.40547
    320   1.21929  1.50051  1.44058  1.40750    320 a - - -
          1.38629  1.38629  1.38629  1.38629
          0.00001 12.04204 12.04204  1.46634  0.26236  1.09861  0.40547
    321   1.22618  1.47407  1.45396  1.41078    321 a - - -
          1.38629  1.38629  1.38629  1.38629
          0.00001 12.04204 12.04204  1.46634  0.26236  1.09861  0.40547
    322   1.23698  1.46241  1.45007  1.41260    322 a - - -
          1.38629  1.38629  1.38629  1.38629
          0.00001 12.04204 12.04204  1.46634  0.26236  1.09861  0.40547
    323   1.21834  1.48443  1.45691  1.40775    323 a - - -
          1.38629  1.38629  1.38629  1.38629
          0.00001 12.04204 12.04204  1.46634  0.26236  1.09861  0.40547
    324   1.25287  1.45041  1.47768  1.37962    324 a - - -
          1.38629  1.38629  1.38629  1.38629
          0.00001 12.04204 12.04204  1.46634  0.26236  1.09861  0.40547
    325   1.26531  1.47160  1.43978  1.38107    325 a - - -
          1.38629  1.38629  1.38629  1.38629
          0.00001 12.04204 12.04204  1.46634  0.26236  1.09861  0.40547
    326   1.26347  1.47635  1.44668  1.37237    326 a - - -
          1.38629  1.38629  1.38629  1.38629
          0.00001 12.04204 12.04204  1.46634  0.26236  1.09861  0.40547
    327   1.25085  1.43127  1.46681  1.41029    327 a - - -
          1.38629  1.38629  1.38629  1.38629
          0.00001 12.04204 12.04204  1.46634  0.26236  1.09861  0.40547
    328   1.22277  1.48659  1.46100  1.39658    328 a - - -
          1.38629  1.38629  1.38629  1.38629
          0.00001 12.04204 12.04204  1.46634  0.26236  1.09861  0.40547
    329   1.23522  1.47382  1.44555  1.40827    329 a - - -
          1.38629  1.38629  1.38629  1.38629
          0.00001 12.04204 12.04204  1.46634  0.26236  1.09861  0.40547
    330   1.22743  1.46470  1.46173  1.41070    330 a - - -
          1.38629  1.38629  1.38629  1.38629
          0.00001 12.04204 12.04204  1.46634  0.26236  1.09861  0.40547
    331   1.25173  1.45079  1.45332  1.40319    331 a - - -
          1.38629  1.38629  1.38629  1.38629
          0.00001 12.04204 12.04204  1.46634  0.26236  1.09861  0.40547
    332   1.24445  1.45620  1.46567  1.39490    332 a - - -
          1.38629  1.38629  1.38629  1.38629
          0.00001 12.04204 12.04204  1.46634  0.26236  1.09861  0.40547
    333   1.23362  1.47367  1.47063  1.38670    333 a - - -
          1.38629  1.38629  1.38629  1.38629
          0.00001 12.04204 12.04204  1.46634  0.26236  1.09861  0.40547
    334   1.23172  1.48784  1.45741  1.38825    334 a - - -
          1.38629  1.38629  1.38629  1.38629
          0.00001 12.04204 12.04204  1.46634  0.26236  1.09861  0.40547
    335   1.21529  1.48797  1.48475  1.38236    335 a - - -
          1.38629  1.38629  1.38629  1.38629
          0.00001 12.04204 12.04204  1.46634  0.26236  1.09861  0.40547
    336   1.24697  1.50051  1.45087  1.36554    336 a - - -
          1.38629  1.38629  1.38629  1.38629
          0.00001 12.04204 12.04204  1.46634  0.26236  1.09861  0.40547
    337   1.22525  1.49410  1.45579  1.39171    337 a - - -
          1.38629  1.38629  1.38629  1.38629
          0.00001 12.04204 12.04204  1.46634  0.26236  1.09861  0.40547
    338   1.22221  1.48871  1.45931  1.39690    338 a - - -
          1.38629  1.38629  1.38629  1.38629
          0.00001 12.04204 12.04204  1.46634  0.26236  1.09861  0.40547
    339   1.20421  1.51439  1.45924  1.39547    339 a - - -
          1.38629  1.38629  1.38629  1.38629
          0.00001 12.04204 12.04204  1.46634  0.26236  1.09861  0.40547
    340   1.22978  1.45860  1.44470  1.43019    340 a - - -
          1.38629  1.38629  1.38629  1.38629
          0.00001 12.04204 12.04204  1.46634  0.26236  1.09861  0.40547
    341   1.22245  1.48711  1.46666  1.39122    341 a - - -
          1.38629  1.38629  1.38629  1.38629
          0.00001 12.04204 12.04204  1.46634  0.26236  1.09861  0.40547
    342   1.24370  1.46955  1.45136  1.39673    342 a - - -
          1.38629  1.38629  1.38629  1.38629
          0.00001 12.04204 12.04204  1.46634  0.26236  1.09861  0.40547
    343   1.29020  1.45199  1.43417  1.37687    343 a - - -
          1.38629  1.38629  1.38629  1.38629
          0.00001 12.04204 12.04204  1.46634  0.26236  1.09861  0.40547
    344   1.24675  1.45877  1.45552  1.39934    344 a - - -
          1.38629  1.38629  1.38629  1.38629
          0.00001 12.04204 12.04204  1.46634  0.26236  1.09861  0.40547
    345   1.27496  1.46544  1.43284  1.38249    345 a - - -
          1.38629  1.38629  1.38629  1.38629
          0.00001 12.04204 12.04204  1.46634  0.26236  1.09861  0.40547
    346   1.22272  1.45623  1.45857  1.42757    346 a - - -
          1.38629  1.38629  1.38629  1.38629
          0.00001 12.04204 12.04204  1.46634  0.26236  1.09861  0.40547
    347   1.21952  1.47553  1.45428  1.41716    347 a - - -
          1.38629  1.38629  1.38629  1.38629
          0.00001 12.04204 12.04204  1.46634  0.26236  1.09861  0.40547
    348   1.21378  1.52482  1.44478  1.38841    348 a - - -
          1.38629  1.38629  1.38629  1.38629
          0.00001 12.04204 12.04204  1.46634  0.26236  1.09861  0.40547
    349   1.22159  1.51523  1.44236  1.38984    349 a - - -
          1.38629  1.38629  1.38629  1.38629
          0.00001 12.04204 12.04204  1.46634  0.26236  1.09861  0.40547
    350   1.26065  1.51484  1.41070  1.37550    350 a - - -
          1.38629  1.38629  1.38629  1.38629
          0.00001 12.04204 12.04204  1.46634  0.26236  1.09861  0.40547
    351   1.23157  1.46405  1.46564  1.40268    351 a - - -
          1.38629  1.38629  1.38629  1.38629
          0.00001 12.04204 12.04204  1.46634  0.26236  1.09861  0.40547
    352   1.28040  1.45569  1.40356  1.41422    352 a - - -
          1.38629  1.38629  1.38629  1.38629
          0.00001 12.04204 12.04204  1.46634  0.26236  1.09861  0.40547
    353   1.28072  1.42677  1.43022  1.41542    353 a - - -
          1.38629  1.38629  1.38629  1.38629
          0.00001 12.04204 12.04204  1.46634  0.26236  1.09861  0.40547
    354   1.25846  1.43097  1.45181  1.41599    354 a - - -
          1.38629  1.38629  1.38629  1.38629
          0.00001 12.04204 12.04204  1.46634  0.26236  1.09861  0.40547
    355   1.26445  1.45772  1.42380  1.41041    355 a - - -
          1.38629  1.38629  1.38629  1.38629
          0.00001 12.04204 12.04204  1.46634  0.26236  1.09861  0.40547
    356   1.25690  1.47050  1.43626  1.39498    356 a - - -
          1.38629  1.38629  1.38629  1.38629
          0.00001 12.04204 12.04204  1.46634  0.26236  1.09861  0.40547
    357   1.25342  1.46596  1.43834  1.40122    357 a - - -
          1.38629  1.38629  1.38629  1.38629
          0.00001 12.04204 12.04204  1.46634  0.26236  1.09861  0.40547
    358   1.24248  1.50204  1.43554  1.38361    358 a - - -
          1.38629  1.38629  1.38629  1.38629
          0.00001 12.04204 12.04204  1.46634  0.26236  1.09861  0.40547
    359   1.22523  1.49589  1.45241  1.39329    359 a - - -
          1.38629  1.38629  1.38629  1.38629
          0.00001 12.04204 12.04204  1.46634  0.26236  1.09861  0.40547
    360   1.23564  1.48268  1.44164  1.40330    360 a - - -
          1.38629  1.38629  1.38629  1.38629
          0.00001 12.04204 12.04204  1.46634  0.26236  1.09861  0.40547
    361   1.23103  1.45917  1.43242  1.44033    361 a - - -
          1.38629  1.38629  1.38629  1.38629
          0.00001 12.04204 12.04204  1.46634  0.26236  1.09861  0.40547
    362   1.26203  1.45066  1.42172  1.42209    362 a - - -
          1.38629  1.38629  1.38629  1.38629
          0.00001 12.04204 12.04204  1.46634  0.26236  1.09861  0.40547
    363   1.27303  1.42775  1.44454  1.40930    363 a - - -
          1.38629  1.38629  1.38629  1.38629
          0.00001 12.04204 12.04204  1.46634  0.26236  1.09861  0.40547
    364   1.26858  1.42206  1.42851  1.43595    364 a - - -
          1.38629  1.38629  1.38629  1.38629
          0.00001 12.04204 12.04204  1.46634  0.26236  1.09861  0.40547
    365   1.25441  1.44880  1.43686  1.41787    365 a - - -
          1.38629  1.38629  1.38629  1.38629
          0.00001 12.04204 12.04204  1.46634  0.26236  1.09861  0.40547
    366   1.26212  1.46178  1.42945  1.40371    366 a - - -
          1.38629  1.38629  1.38629  1.38629
          0.00001 12.04204 12.04204  1.46634  0.26236  1.09861  0.40547
    367   1.24988  1.46291  1.45189  1.39524    367 a - - -
          1.38629  1.38629  1.38629  1.38629
          0.00001 12.04204 12.04204  1.46634  0.26236  1.09861  0.40547
    368   1.22256  1.49331  1.44959  1.40149    368 a - - -
          1.38629  1.38629  1.38629  1.38629
          0.00001 12.04204 12.04204  1.46634  0.26236  1.09861  0.40547
    369   1.20829  1.51719  1.45680  1.39037    369 a - - -
          1.38629  1.38629  1.38629  1.38629
          0.00001 12.04204 12.04204  1.46634  0.26236  1.09861  0.40547
    370   1.24751  1.46584  1.44777  1.39917    370 a - - -
          1.38629  1.38629  1.38629  1.38629
          0.00001 12.04204 12.04204  1.46634  0.26236  1.09861  0.40547
    371   1.23449  1.47287  1.45545  1.40058    371 a - - -
          1.38629  1.38629  1.38629  1.38629
          0.00001 12.04204 12.04204  1.46634  0.26236  1.09861  0.40547
    372   1.24884  1.46211  1.43725  1.41126    372 a - - -
          1.38629  1.38629  1.38629  1.38629
          0.00001 12.04204 12.04204  1.46634  0.26236  1.09861  0.40547
    373   1.26914  1.44669  1.41701  1.42236    373 a - - -
          1.38629  1.38629  1.38629  1.38629
          0.00001 12.04204 12.04204  1.46634  0.26236  1.09861  0.40547
    374   1.25538  1.44484  1.42688  1.43049    374 a - - -
          1.38629  1.38629  1.38629  1.38629
          0.00001 12.04204 12.04204  1.46634  0.26236  1.09861  0.40547
    375   1.25321  1.44757  1.45022  1.40751    375 a - - -
          1.38629  1.38629  1.38629  1.38629
          0.00001 12.04204 12.04204  1.46634  0.26236  1.09861  0.40547
    376   1.26840  1.45329  1.42882  1.40516    376 a - - -
          1.38629  1.38629  1.38629  1.38629
          0.00001 12.04204 12.04204  1.46634  0.26236  1.09861  0.40547
    377   1.22577  1.47020  1.46393  1.40542    377 a - - -
          1.38629  1.38629  1.38629  1.38629
          0.00001 12.04204 12.04204  1.46634  0.26236  1.09861  0.40547
    378   1.25933  1.46423  1.44644  1.38833    378 a - - -
          1.38629  1.38629  1.38629  1.38629
          0.00001 12.04204 12.04204  1.46634  0.26236  1.09861  0.40547
    379   1.22514  1.50745  1.45697  1.37886    379 a - - -
          1.38629  1.38629  1.38629  1.38629
          0.00001 12.04204 12.04204  1.46634  0.26236  1.09861  0.40547
    380   1.22996  1.49253  1.44532  1.39746    380 a - - -
          1.38629  1.38629  1.38629  1.38629
          0.00001 12.04204 12.04204  1.46634  0.26236  1.09861  0.40547
    381   1.25519  1.46927  1.43819  1.39623    381 a - - -
          1.38629  1.38629  1.38629  1.38629
          0.00001 12.04204 12.04204  1.46634  0.26236  1.09861  0.40547
    382   1.22576  1.47224  1.44531  1.42137    382 a - - -
          1.38629  1.38629  1.38629  1.38629
          0.00001 12.04204 12.04204  1.46634  0.26236  1.09861  0.40547
    383   1.25896  1.45983  1.44753  1.39182    383 a - - -
          1.38629  1.38629  1.38629  1.38629
          0.00001 12.04204 12.04204  1.46634  0.26236  1.09861  0.40547
    384   1.24362  1.44399  1.44235  1.43002    384 a - - -
          1.38629  1.38629  1.38629  1.38629
          0.00001 12.04204 12.04204  1.46634  0.26236  1.09861  0.40547
    385   1.25750  1.44708  1.45294  1.40039    385 a - - -
          1.38629  1.38629  1.38629  1.38629
          0.00001 12.04204 12.04204  1.46634  0.26236  1.09861  0.40547
    386   1.25241  1.47450  1.42631  1.40609    386 a - - -
          1.38629  1.38629  1.38629  1.38629
          0.00001 12.04204 12.04204  1.46634  0.26236  1.09861  0.40547
    387   1.23253  1.47436  1.44783  1.40878    387 a - - -
          1.38629  1.38629  1.38629  1.38629
          0.00001 12.04204 12.04204  1.46634  0.26236  1.09861  0.40547
    388   1.24894  1.46783  1.44819  1.39525    388 a - - -
          1.38629  1.38629  1.38629  1.38629
          0.00001 12.04204 12.04204  1.46634  0.26236  1.09861  0.40547
    389   1.24691  1.46816  1.44507  1.40027    389 a - - -
          1.38629  1.38629  1.38629  1.38629
          0.00001 12.04204 12.04204  1.46634  0.26236  1.09861  0.40547
    390   1.25534  1.48990  1.44099  1.37463    390 a - - -
          1.38629  1.38629  1.38629  1.38629
          0.00001 12.04204 12.04204  1.46634  0.26236  1.09861  0.40547
    391   1.23356  1.45750  1.45845  1.41332    391 a - - -
          1.38629  1.38629  1.38629  1.38629
          0.00001 12.04204 12.04204  1.46634  0.26236  1.09861  0.40547
    392   1.24354  1.46107  1.44825  1.40785    392 a - - -
          1.38629  1.38629  1.38629  1.38629
          0.00001 12.04204 12.04204  1.46634  0.26236  1.09861  0.40547
    393   1.25070  1.45359  1.46435  1.39136    393 a - - -
          1.38629  1.38629  1.38629  1.38629
          0.00001 12.04204 12.04204  1.46634  0.26236  1.09861  0.40547
    394   1.25691  1.46256  1.43898  1.39977    394 a - - -
          1.38629  1.38629  1.38629  1.38629
          0.00001 12.04204 12.04204  1.46634  0.26236  1.09861  0.40547
    395   1.27189  1.48059  1.42351  1.38100    395 a - - -
          1.38629  1.38629  1.38629  1.38629
          0.00001 12.04204 12.04204  1.46634  0.26236  1.09861  0.40547
    396   1.24713  1.47393  1.44283  1.39679    396 a - - -
          1.38629  1.38629  1.38629  1.38629
          0.00001 12.04204 12.04204  1.46634  0.26236  1.09861  0.40547
    397   1.24294  1.47969  1.42697  1.41172    397 a - - -
          1.38629  1.38629  1.38629  1.38629
          0.00001 12.04204 12.04204  1.46634  0.26236  1.09861  0.40547
    398   1.25121  1.46299  1.44270  1.40238    398 a - - -
          1.38629  1.38629  1.38629  1.38629
          0.00001 12.04204 12.04204  1.46634  0.26236  1.09861  0.40547
    399   1.24930  1.48563  1.43704  1.38908    399 a - - -
          1.38629  1.38629  1.38629  1.38629
          0.00001 12.04204 12.04204  1.46634  0.26236  1.09861  0.40547
    400   1.25480  1.46530  1.43941  1.39921    400 a - - -
          1.38629  1.38629  1.38629  1.38629
          0.00001 12.04204 12.04204  1.46634  0.26236  1.09861  0.40547
    401   1.26226  1.46667  1.44478  1.38431    401 a - - -
          1.38629  1.38629  1.38629  1.38629
          0.00001 12.04203        *  1.46634  0.26236  0.00000        *
//
