HMMER3/f [3.3.2 | Nov 2020]
NAME  hsapiens_200
LENG  401
MAXL  401
ALPH  DNA
RF    no
MM    no
CONS  yes
CS    no
MAP   yes
DATE  Tue Oct 15 12:24:15 2024
NSEQ  29598
EFFN  29598.000000
CKSUM 3639588328
STATS LOCAL MSV      -18.4415  0.77777
STATS LOCAL VITERBI  -18.7238  0.77777
STATS LOCAL FORWARD   -3.0059  0.77777
HMM          A        C        G        T   
            m->m     m->i     m->d     i->m     i->i     d->m     d->d
  COMPO   1.66028  1.21525  1.15286  1.62179
          1.38629  1.38629  1.38629  1.38629
          0.00001 12.59812 12.59812  1.46634  0.26236  0.00000        *
      1   1.54765  1.25011  1.25297  1.53654      1 c - - -
          1.38629  1.38629  1.38629  1.38629
          0.00001 12.59812 12.59812  1.46634  0.26236  1.09861  0.40547
      2   1.52458  1.25533  1.25159  1.55469      2 g - - -
          1.38629  1.38629  1.38629  1.38629
          0.00001 12.59812 12.59812  1.46634  0.26236  1.09861  0.40547
      3   1.54336  1.24523  1.24683  1.55567      3 c - - -
          1.38629  1.38629  1.38629  1.38629
          0.00001 12.59812 12.59812  1.46634  0.26236  1.09861  0.40547
      4   1.55200  1.24276  1.25317  1.54182      4 c - - -
          1.38629  1.38629  1.38629  1.38629
          0.00001 12.59812 12.59812  1.46634  0.26236  1.09861  0.40547
      5   1.55158  1.24221  1.24553  1.55328      5 c - - -
          1.38629  1.38629  1.38629  1.38629
          0.00001 12.59812 12.59812  1.46634  0.26236  1.09861  0.40547
      6   1.54230  1.23849  1.26250  1.54486      6 c - - -
          1.38629  1.38629  1.38629  1.38629
          0.00001 12.59812 12.59812  1.46634  0.26236  1.09861  0.40547
      7   1.54294  1.24779  1.23419  1.57004      7 g - - -
          1.38629  1.38629  1.38629  1.38629
          0.00001 12.59812 12.59812  1.46634  0.26236  1.09861  0.40547
      8   1.54058  1.25106  1.25083  1.54518      8 g - - -
          1.38629  1.38629  1.38629  1.38629
          0.00001 12.59812 12.59812  1.46634  0.26236  1.09861  0.40547
      9   1.54929  1.23660  1.25347  1.55250      9 c - - -
          1.38629  1.38629  1.38629  1.38629
          0.00001 12.59812 12.59812  1.46634  0.26236  1.09861  0.40547
     10   1.54807  1.24744  1.24953  1.54429     10 c - - -
          1.38629  1.38629  1.38629  1.38629
          0.00001 12.59812 12.59812  1.46634  0.26236  1.09861  0.40547
     11   1.57192  1.22361  1.24838  1.55487     11 c - - -
          1.38629  1.38629  1.38629  1.38629
          0.00001 12.59812 12.59812  1.46634  0.26236  1.09861  0.40547
     12   1.53532  1.24619  1.25065  1.55735     12 c - - -
          1.38629  1.38629  1.38629  1.38629
          0.00001 12.59812 12.59812  1.46634  0.26236  1.09861  0.40547
     13   1.57208  1.23320  1.24245  1.54952     13 c - - -
          1.38629  1.38629  1.38629  1.38629
          0.00001 12.59812 12.59812  1.46634  0.26236  1.09861  0.40547
     14   1.55969  1.21687  1.24603  1.57990     14 c - - -
          1.38629  1.38629  1.38629  1.38629
          0.00001 12.59812 12.59812  1.46634  0.26236  1.09861  0.40547
     15   1.54565  1.23318  1.25662  1.55660     15 c - - -
          1.38629  1.38629  1.38629  1.38629
          0.00001 12.59812 12.59812  1.46634  0.26236  1.09861  0.40547
     16   1.56161  1.23834  1.24468  1.54974     16 c - - -
          1.38629  1.38629  1.38629  1.38629
          0.00001 12.59812 12.59812  1.46634  0.26236  1.09861  0.40547
     17   1.55117  1.25164  1.22698  1.56642     17 g - - -
          1.38629  1.38629  1.38629  1.38629
          0.00001 12.59812 12.59812  1.46634  0.26236  1.09861  0.40547
     18   1.56353  1.22528  1.23779  1.57550     18 c - - -
          1.38629  1.38629  1.38629  1.38629
          0.00001 12.59812 12.59812  1.46634  0.26236  1.09861  0.40547
     19   1.56234  1.21982  1.24644  1.57240     19 c - - -
          1.38629  1.38629  1.38629  1.38629
          0.00001 12.59812 12.59812  1.46634  0.26236  1.09861  0.40547
     20   1.57069  1.21828  1.25817  1.55029     20 c - - -
          1.38629  1.38629  1.38629  1.38629
          0.00001 12.59812 12.59812  1.46634  0.26236  1.09861  0.40547
     21   1.56437  1.21769  1.24250  1.57887     21 c - - -
          1.38629  1.38629  1.38629  1.38629
          0.00001 12.59812 12.59812  1.46634  0.26236  1.09861  0.40547
     22   1.56598  1.21996  1.25749  1.55350     22 c - - -
          1.38629  1.38629  1.38629  1.38629
          0.00001 12.59812 12.59812  1.46634  0.26236  1.09861  0.40547
     23   1.56168  1.23400  1.23208  1.57308     23 g - - -
          1.38629  1.38629  1.38629  1.38629
          0.00001 12.59812 12.59812  1.46634  0.26236  1.09861  0.40547
     24   1.56590  1.21963  1.24279  1.57415     24 c - - -
          1.38629  1.38629  1.38629  1.38629
          0.00001 12.59812 12.59812  1.46634  0.26236  1.09861  0.40547
     25   1.55750  1.23285  1.24920  1.55522     25 c - - -
          1.38629  1.38629  1.38629  1.38629
          0.00001 12.59812 12.59812  1.46634  0.26236  1.09861  0.40547
     26   1.56717  1.24163  1.22607  1.56538     26 g - - -
          1.38629  1.38629  1.38629  1.38629
          0.00001 12.59812 12.59812  1.46634  0.26236  1.09861  0.40547
     27   1.57294  1.19525  1.24580  1.59835     27 c - - -
          1.38629  1.38629  1.38629  1.38629
          0.00001 12.59812 12.59812  1.46634  0.26236  1.09861  0.40547
     28   1.55366  1.21531  1.26199  1.56628     28 c - - -
          1.38629  1.38629  1.38629  1.38629
          0.00001 12.59812 12.59812  1.46634  0.26236  1.09861  0.40547
     29   1.55311  1.22227  1.24533  1.57986     29 c - - -
          1.38629  1.38629  1.38629  1.38629
          0.00001 12.59812 12.59812  1.46634  0.26236  1.09861  0.40547
     30   1.56524  1.21916  1.24154  1.57725     30 c - - -
          1.38629  1.38629  1.38629  1.38629
          0.00001 12.59812 12.59812  1.46634  0.26236  1.09861  0.40547
     31   1.56177  1.23079  1.22896  1.58195     31 g - - -
          1.38629  1.38629  1.38629  1.38629
          0.00001 12.59812 12.59812  1.46634  0.26236  1.09861  0.40547
     32   1.56463  1.24766  1.23069  1.55321     32 g - - -
          1.38629  1.38629  1.38629  1.38629
          0.00001 12.59812 12.59812  1.46634  0.26236  1.09861  0.40547
     33   1.57127  1.22450  1.23735  1.56943     33 c - - -
          1.38629  1.38629  1.38629  1.38629
          0.00001 12.59812 12.59812  1.46634  0.26236  1.09861  0.40547
     34   1.55864  1.23188  1.24296  1.56395     34 c - - -
          1.38629  1.38629  1.38629  1.38629
          0.00001 12.59812 12.59812  1.46634  0.26236  1.09861  0.40547
     35   1.57575  1.20938  1.23841  1.58513     35 c - - -
          1.38629  1.38629  1.38629  1.38629
          0.00001 12.59812 12.59812  1.46634  0.26236  1.09861  0.40547
     36   1.56221  1.21306  1.24535  1.58377     36 c - - -
          1.38629  1.38629  1.38629  1.38629
          0.00001 12.59812 12.59812  1.46634  0.26236  1.09861  0.40547
     37   1.56367  1.22882  1.22948  1.58206     37 c - - -
          1.38629  1.38629  1.38629  1.38629
          0.00001 12.59812 12.59812  1.46634  0.26236  1.09861  0.40547
     38   1.57980  1.21689  1.22484  1.58950     38 c - - -
          1.38629  1.38629  1.38629  1.38629
          0.00001 12.59812 12.59812  1.46634  0.26236  1.09861  0.40547
     39   1.57386  1.22381  1.24142  1.56219     39 c - - -
          1.38629  1.38629  1.38629  1.38629
          0.00001 12.59812 12.59812  1.46634  0.26236  1.09861  0.40547
     40   1.57812  1.21560  1.22644  1.59077     40 c - - -
          1.38629  1.38629  1.38629  1.38629
          0.00001 12.59812 12.59812  1.46634  0.26236  1.09861  0.40547
     41   1.56449  1.21768  1.24269  1.57850     41 c - - -
          1.38629  1.38629  1.38629  1.38629
          0.00001 12.59812 12.59812  1.46634  0.26236  1.09861  0.40547
     42   1.59515  1.21681  1.22963  1.56759     42 c - - -
          1.38629  1.38629  1.38629  1.38629
          0.00001 12.59812 12.59812  1.46634  0.26236  1.09861  0.40547
     43   1.57731  1.23987  1.22720  1.55620     43 g - - -
          1.38629  1.38629  1.38629  1.38629
          0.00001 12.59812 12.59812  1.46634  0.26236  1.09861  0.40547
     44   1.57165  1.22391  1.23832  1.56854     44 c - - -
          1.38629  1.38629  1.38629  1.38629
          0.00001 12.59812 12.59812  1.46634  0.26236  1.09861  0.40547
     45   1.58976  1.22549  1.21007  1.58849     45 g - - -
          1.38629  1.38629  1.38629  1.38629
          0.00001 12.59812 12.59812  1.46634  0.26236  1.09861  0.40547
     46   1.60977  1.19820  1.21488  1.60155     46 c - - -
          1.38629  1.38629  1.38629  1.38629
          0.00001 12.59812 12.59812  1.46634  0.26236  1.09861  0.40547
     47   1.57702  1.21307  1.23008  1.59033     47 c - - -
          1.38629  1.38629  1.38629  1.38629
          0.00001 12.59812 12.59812  1.46634  0.26236  1.09861  0.40547
     48   1.60016  1.20732  1.23177  1.57328     48 c - - -
          1.38629  1.38629  1.38629  1.38629
          0.00001 12.59812 12.59812  1.46634  0.26236  1.09861  0.40547
     49   1.59322  1.20748  1.22783  1.58546     49 c - - -
          1.38629  1.38629  1.38629  1.38629
          0.00001 12.59812 12.59812  1.46634  0.26236  1.09861  0.40547
     50   1.60696  1.20914  1.21407  1.58932     50 c - - -
          1.38629  1.38629  1.38629  1.38629
          0.00001 12.59812 12.59812  1.46634  0.26236  1.09861  0.40547
     51   1.58774  1.22034  1.24792  1.54467     51 c - - -
          1.38629  1.38629  1.38629  1.38629
          0.00001 12.59812 12.59812  1.46634  0.26236  1.09861  0.40547
     52   1.58772  1.20890  1.23135  1.58384     52 c - - -
          1.38629  1.38629  1.38629  1.38629
          0.00001 12.59812 12.59812  1.46634  0.26236  1.09861  0.40547
     53   1.60255  1.20946  1.22274  1.58068     53 c - - -
          1.38629  1.38629  1.38629  1.38629
          0.00001 12.59812 12.59812  1.46634  0.26236  1.09861  0.40547
     54   1.60460  1.20877  1.21809  1.58636     54 c - - -
          1.38629  1.38629  1.38629  1.38629
          0.00001 12.59812 12.59812  1.46634  0.26236  1.09861  0.40547
     55   1.61000  1.18815  1.23989  1.58031     55 c - - -
          1.38629  1.38629  1.38629  1.38629
          0.00001 12.59812 12.59812  1.46634  0.26236  1.09861  0.40547
     56   1.59431  1.22166  1.21563  1.58140     56 g - - -
          1.38629  1.38629  1.38629  1.38629
          0.00001 12.59812 12.59812  1.46634  0.26236  1.09861  0.40547
     57   1.61053  1.20723  1.19317  1.61982     57 g - - -
          1.38629  1.38629  1.38629  1.38629
          0.00001 12.59812 12.59812  1.46634  0.26236  1.09861  0.40547
     58   1.59276  1.20304  1.22776  1.59254     58 c - - -
          1.38629  1.38629  1.38629  1.38629
          0.00001 12.59812 12.59812  1.46634  0.26236  1.09861  0.40547
     59   1.60987  1.22023  1.20669  1.58116     59 g - - -
          1.38629  1.38629  1.38629  1.38629
          0.00001 12.59812 12.59812  1.46634  0.26236  1.09861  0.40547
     60   1.60368  1.19695  1.20903  1.61825     60 c - - -
          1.38629  1.38629  1.38629  1.38629
          0.00001 12.59812 12.59812  1.46634  0.26236  1.09861  0.40547
     61   1.58425  1.21181  1.22439  1.59305     61 c - - -
          1.38629  1.38629  1.38629  1.38629
          0.00001 12.59812 12.59812  1.46634  0.26236  1.09861  0.40547
     62   1.59518  1.21336  1.20874  1.60266     62 g - - -
          1.38629  1.38629  1.38629  1.38629
          0.00001 12.59812 12.59812  1.46634  0.26236  1.09861  0.40547
     63   1.61649  1.18897  1.20737  1.62005     63 c - - -
          1.38629  1.38629  1.38629  1.38629
          0.00001 12.59812 12.59812  1.46634  0.26236  1.09861  0.40547
     64   1.61601  1.21078  1.19628  1.60431     64 g - - -
          1.38629  1.38629  1.38629  1.38629
          0.00001 12.59812 12.59812  1.46634  0.26236  1.09861  0.40547
     65   1.61935  1.20234  1.21891  1.58022     65 c - - -
          1.38629  1.38629  1.38629  1.38629
          0.00001 12.59812 12.59812  1.46634  0.26236  1.09861  0.40547
     66   1.63017  1.19652  1.20584  1.59741     66 c - - -
          1.38629  1.38629  1.38629  1.38629
          0.00001 12.59812 12.59812  1.46634  0.26236  1.09861  0.40547
     67   1.60735  1.19550  1.22130  1.59859     67 c - - -
          1.38629  1.38629  1.38629  1.38629
          0.00001 12.59812 12.59812  1.46634  0.26236  1.09861  0.40547
     68   1.62889  1.20154  1.20241  1.59625     68 c - - -
          1.38629  1.38629  1.38629  1.38629
          0.00001 12.59812 12.59812  1.46634  0.26236  1.09861  0.40547
     69   1.60997  1.20404  1.20170  1.61222     69 g - - -
          1.38629  1.38629  1.38629  1.38629
          0.00001 12.59812 12.59812  1.46634  0.26236  1.09861  0.40547
     70   1.62993  1.19291  1.21092  1.59556     70 c - - -
          1.38629  1.38629  1.38629  1.38629
          0.00001 12.59812 12.59812  1.46634  0.26236  1.09861  0.40547
     71   1.61783  1.20390  1.19792  1.61031     71 g - - -
          1.38629  1.38629  1.38629  1.38629
          0.00001 12.59812 12.59812  1.46634  0.26236  1.09861  0.40547
     72   1.60516  1.21010  1.20885  1.59733     72 g - - -
          1.38629  1.38629  1.38629  1.38629
          0.00001 12.59812 12.59812  1.46634  0.26236  1.09861  0.40547
     73   1.61356  1.20834  1.19573  1.61121     73 g - - -
          1.38629  1.38629  1.38629  1.38629
          0.00001 12.59812 12.59812  1.46634  0.26236  1.09861  0.40547
     74   1.62554  1.20852  1.19019  1.60747     74 g - - -
          1.38629  1.38629  1.38629  1.38629
          0.00001 12.59812 12.59812  1.46634  0.26236  1.09861  0.40547
     75   1.63053  1.19737  1.21378  1.58418     75 c - - -
          1.38629  1.38629  1.38629  1.38629
          0.00001 12.59812 12.59812  1.46634  0.26236  1.09861  0.40547
     76   1.62395  1.21372  1.20517  1.57914     76 g - - -
          1.38629  1.38629  1.38629  1.38629
          0.00001 12.59812 12.59812  1.46634  0.26236  1.09861  0.40547
     77   1.65019  1.18344  1.20021  1.60628     77 c - - -
          1.38629  1.38629  1.38629  1.38629
          0.00001 12.59812 12.59812  1.46634  0.26236  1.09861  0.40547
     78   1.62431  1.20047  1.19662  1.61100     78 g - - -
          1.38629  1.38629  1.38629  1.38629
          0.00001 12.59812 12.59812  1.46634  0.26236  1.09861  0.40547
     79   1.61308  1.20150  1.20308  1.61085     79 c - - -
          1.38629  1.38629  1.38629  1.38629
          0.00001 12.59812 12.59812  1.46634  0.26236  1.09861  0.40547
     80   1.61550  1.21726  1.19616  1.59546     80 g - - -
          1.38629  1.38629  1.38629  1.38629
          0.00001 12.59812 12.59812  1.46634  0.26236  1.09861  0.40547
     81   1.62311  1.19897  1.20007  1.60924     81 c - - -
          1.38629  1.38629  1.38629  1.38629
          0.00001 12.59812 12.59812  1.46634  0.26236  1.09861  0.40547
     82   1.61539  1.20128  1.18896  1.63045     82 g - - -
          1.38629  1.38629  1.38629  1.38629
          0.00001 12.59812 12.59812  1.46634  0.26236  1.09861  0.40547
     83   1.62632  1.20822  1.18714  1.61181     83 g - - -
          1.38629  1.38629  1.38629  1.38629
          0.00001 12.59812 12.59812  1.46634  0.26236  1.09861  0.40547
     84   1.64396  1.18769  1.18459  1.62968     84 g - - -
          1.38629  1.38629  1.38629  1.38629
          0.00001 12.59812 12.59812  1.46634  0.26236  1.09861  0.40547
     85   1.63973  1.20348  1.19610  1.59234     85 g - - -
          1.38629  1.38629  1.38629  1.38629
          0.00001 12.59812 12.59812  1.46634  0.26236  1.09861  0.40547
     86   1.61411  1.19777  1.20413  1.61389     86 c - - -
          1.38629  1.38629  1.38629  1.38629
          0.00001 12.59812 12.59812  1.46634  0.26236  1.09861  0.40547
     87   1.63754  1.20216  1.18539  1.61259     87 g - - -
          1.38629  1.38629  1.38629  1.38629
          0.00001 12.59812 12.59812  1.46634  0.26236  1.09861  0.40547
     88   1.64387  1.19945  1.17401  1.62819     88 g - - -
          1.38629  1.38629  1.38629  1.38629
          0.00001 12.59812 12.59812  1.46634  0.26236  1.09861  0.40547
     89   1.62686  1.20109  1.18773  1.62112     89 g - - -
          1.38629  1.38629  1.38629  1.38629
          0.00001 12.59812 12.59812  1.46634  0.26236  1.09861  0.40547
     90   1.62234  1.20146  1.17914  1.63852     90 g - - -
          1.38629  1.38629  1.38629  1.38629
          0.00001 12.59812 12.59812  1.46634  0.26236  1.09861  0.40547
     91   1.62871  1.21029  1.18154  1.61494     91 g - - -
          1.38629  1.38629  1.38629  1.38629
          0.00001 12.59812 12.59812  1.46634  0.26236  1.09861  0.40547
     92   1.66100  1.20497  1.16948  1.61032     92 g - - -
          1.38629  1.38629  1.38629  1.38629
          0.00001 12.59812 12.59812  1.46634  0.26236  1.09861  0.40547
     93   1.65361  1.20586  1.16440  1.62405     93 g - - -
          1.38629  1.38629  1.38629  1.38629
          0.00001 12.59812 12.59812  1.46634  0.26236  1.09861  0.40547
     94   1.64491  1.20420  1.18650  1.60073     94 g - - -
          1.38629  1.38629  1.38629  1.38629
          0.00001 12.59812 12.59812  1.46634  0.26236  1.09861  0.40547
     95   1.65543  1.19823  1.16523  1.63266     95 g - - -
          1.38629  1.38629  1.38629  1.38629
          0.00001 12.59812 12.59812  1.46634  0.26236  1.09861  0.40547
     96   1.66583  1.17439  1.18008  1.63627     96 c - - -
          1.38629  1.38629  1.38629  1.38629
          0.00001 12.59812 12.59812  1.46634  0.26236  1.09861  0.40547
     97   1.66110  1.19231  1.16300  1.63989     97 g - - -
          1.38629  1.38629  1.38629  1.38629
          0.00001 12.59812 12.59812  1.46634  0.26236  1.09861  0.40547
     98   1.63960  1.19398  1.17407  1.64080     98 g - - -
          1.38629  1.38629  1.38629  1.38629
          0.00001 12.59812 12.59812  1.46634  0.26236  1.09861  0.40547
     99   1.65847  1.19852  1.17236  1.61801     99 g - - -
          1.38629  1.38629  1.38629  1.38629
          0.00001 12.59812 12.59812  1.46634  0.26236  1.09861  0.40547
    100   1.63698  1.20161  1.18076  1.62113    100 g - - -
          1.38629  1.38629  1.38629  1.38629
          0.00001 12.59812 12.59812  1.46634  0.26236  1.09861  0.40547
    101   1.63654  1.19278  1.17903  1.63786    101 g - - -
          1.38629  1.38629  1.38629  1.38629
          0.00001 12.59812 12.59812  1.46634  0.26236  1.09861  0.40547
    102   1.63648  1.19763  1.17438  1.63775    102 g - - -
          1.38629  1.38629  1.38629  1.38629
          0.00001 12.59812 12.59812  1.46634  0.26236  1.09861  0.40547
    103   1.65904  1.19036  1.16569  1.64062    103 g - - -
          1.38629  1.38629  1.38629  1.38629
          0.00001 12.59812 12.59812  1.46634  0.26236  1.09861  0.40547
    104   1.66880  1.19934  1.16967  1.61112    104 g - - -
          1.38629  1.38629  1.38629  1.38629
          0.00001 12.59812 12.59812  1.46634  0.26236  1.09861  0.40547
    105   1.65238  1.21792  1.15378  1.62394    105 g - - -
          1.38629  1.38629  1.38629  1.38629
          0.00001 12.59812 12.59812  1.46634  0.26236  1.09861  0.40547
    106   1.64248  1.19016  1.16995  1.65054    106 g - - -
          1.38629  1.38629  1.38629  1.38629
          0.00001 12.59812 12.59812  1.46634  0.26236  1.09861  0.40547
    107   1.66627  1.19134  1.15798  1.64446    107 g - - -
          1.38629  1.38629  1.38629  1.38629
          0.00001 12.59812 12.59812  1.46634  0.26236  1.09861  0.40547
    108   1.66249  1.18695  1.16499  1.64374    108 g - - -
          1.38629  1.38629  1.38629  1.38629
          0.00001 12.59812 12.59812  1.46634  0.26236  1.09861  0.40547
    109   1.65800  1.19793  1.17214  1.61969    109 g - - -
          1.38629  1.38629  1.38629  1.38629
          0.00001 12.59812 12.59812  1.46634  0.26236  1.09861  0.40547
    110   1.67239  1.18060  1.15207  1.66534    110 g - - -
          1.38629  1.38629  1.38629  1.38629
          0.00001 12.59812 12.59812  1.46634  0.26236  1.09861  0.40547
    111   1.65296  1.19911  1.16651  1.63165    111 g - - -
          1.38629  1.38629  1.38629  1.38629
          0.00001 12.59812 12.59812  1.46634  0.26236  1.09861  0.40547
    112   1.67553  1.18398  1.15651  1.64948    112 g - - -
          1.38629  1.38629  1.38629  1.38629
          0.00001 12.59812 12.59812  1.46634  0.26236  1.09861  0.40547
    113   1.66855  1.18453  1.16164  1.64704    113 g - - -
          1.38629  1.38629  1.38629  1.38629
          0.00001 12.59812 12.59812  1.46634  0.26236  1.09861  0.40547
    114   1.67989  1.19827  1.14213  1.64635    114 g - - -
          1.38629  1.38629  1.38629  1.38629
          0.00001 12.59812 12.59812  1.46634  0.26236  1.09861  0.40547
    115   1.65217  1.19755  1.15349  1.65599    115 g - - -
          1.38629  1.38629  1.38629  1.38629
          0.00001 12.59812 12.59812  1.46634  0.26236  1.09861  0.40547
    116   1.65605  1.19687  1.15559  1.64975    116 g - - -
          1.38629  1.38629  1.38629  1.38629
          0.00001 12.59812 12.59812  1.46634  0.26236  1.09861  0.40547
    117   1.65564  1.20884  1.14127  1.65509    117 g - - -
          1.38629  1.38629  1.38629  1.38629
          0.00001 12.59812 12.59812  1.46634  0.26236  1.09861  0.40547
    118   1.68479  1.17755  1.15450  1.65407    118 g - - -
          1.38629  1.38629  1.38629  1.38629
          0.00001 12.59812 12.59812  1.46634  0.26236  1.09861  0.40547
    119   1.68301  1.18193  1.14833  1.65897    119 g - - -
          1.38629  1.38629  1.38629  1.38629
          0.00001 12.59812 12.59812  1.46634  0.26236  1.09861  0.40547
    120   1.64191  1.19010  1.15508  1.67575    120 g - - -
          1.38629  1.38629  1.38629  1.38629
          0.00001 12.59812 12.59812  1.46634  0.26236  1.09861  0.40547
    121   1.67790  1.18201  1.15347  1.65530    121 g - - -
          1.38629  1.38629  1.38629  1.38629
          0.00001 12.59812 12.59812  1.46634  0.26236  1.09861  0.40547
    122   1.67787  1.19277  1.15548  1.63506    122 g - - -
          1.38629  1.38629  1.38629  1.38629
          0.00001 12.59812 12.59812  1.46634  0.26236  1.09861  0.40547
    123   1.65743  1.19459  1.15589  1.65148    123 g - - -
          1.38629  1.38629  1.38629  1.38629
          0.00001 12.59812 12.59812  1.46634  0.26236  1.09861  0.40547
    124   1.69111  1.18323  1.14699  1.65128    124 g - - -
          1.38629  1.38629  1.38629  1.38629
          0.00001 12.59812 12.59812  1.46634  0.26236  1.09861  0.40547
    125   1.68551  1.18624  1.14424  1.65644    125 g - - -
          1.38629  1.38629  1.38629  1.38629
          0.00001 12.59812 12.59812  1.46634  0.26236  1.09861  0.40547
    126   1.69195  1.20625  1.12048  1.65863    126 g - - -
          1.38629  1.38629  1.38629  1.38629
          0.00001 12.59812 12.59812  1.46634  0.26236  1.09861  0.40547
    127   1.70324  1.18180  1.13520  1.66166    127 g - - -
          1.38629  1.38629  1.38629  1.38629
          0.00001 12.59812 12.59812  1.46634  0.26236  1.09861  0.40547
    128   1.67841  1.17992  1.13922  1.68225    128 g - - -
          1.38629  1.38629  1.38629  1.38629
          0.00001 12.59812 12.59812  1.46634  0.26236  1.09861  0.40547
    129   1.68769  1.18173  1.14919  1.65332    129 g - - -
          1.38629  1.38629  1.38629  1.38629
          0.00001 12.59812 12.59812  1.46634  0.26236  1.09861  0.40547
    130   1.67766  1.18969  1.16053  1.63192    130 g - - -
          1.38629  1.38629  1.38629  1.38629
          0.00001 12.59812 12.59812  1.46634  0.26236  1.09861  0.40547
    131   1.70086  1.18953  1.13120  1.65830    131 g - - -
          1.38629  1.38629  1.38629  1.38629
          0.00001 12.59812 12.59812  1.46634  0.26236  1.09861  0.40547
    132   1.68529  1.19184  1.15095  1.63675    132 g - - -
          1.38629  1.38629  1.38629  1.38629
          0.00001 12.59812 12.59812  1.46634  0.26236  1.09861  0.40547
    133   1.68553  1.20874  1.14213  1.62485    133 g - - -
          1.38629  1.38629  1.38629  1.38629
          0.00001 12.59812 12.59812  1.46634  0.26236  1.09861  0.40547
    134   1.69371  1.19719  1.12702  1.66007    134 g - - -
          1.38629  1.38629  1.38629  1.38629
          0.00001 12.59812 12.59812  1.46634  0.26236  1.09861  0.40547
    135   1.69774  1.19236  1.12807  1.66211    135 g - - -
          1.38629  1.38629  1.38629  1.38629
          0.00001 12.59812 12.59812  1.46634  0.26236  1.09861  0.40547
    136   1.70781  1.18492  1.12467  1.67022    136 g - - -
          1.38629  1.38629  1.38629  1.38629
          0.00001 12.59812 12.59812  1.46634  0.26236  1.09861  0.40547
    137   1.72747  1.17553  1.12340  1.66898    137 g - - -
          1.38629  1.38629  1.38629  1.38629
          0.00001 12.59812 12.59812  1.46634  0.26236  1.09861  0.40547
    138   1.71479  1.17224  1.12521  1.68340    138 g - - -
          1.38629  1.38629  1.38629  1.38629
          0.00001 12.59812 12.59812  1.46634  0.26236  1.09861  0.40547
    139   1.70257  1.18448  1.12735  1.67137    139 g - - -
          1.38629  1.38629  1.38629  1.38629
          0.00001 12.59812 12.59812  1.46634  0.26236  1.09861  0.40547
    140   1.66758  1.18776  1.14019  1.67861    140 g - - -
          1.38629  1.38629  1.38629  1.38629
          0.00001 12.59812 12.59812  1.46634  0.26236  1.09861  0.40547
    141   1.69068  1.17433  1.14748  1.66523    141 g - - -
          1.38629  1.38629  1.38629  1.38629
          0.00001 12.59812 12.59812  1.46634  0.26236  1.09861  0.40547
    142   1.69694  1.16991  1.14256  1.67473    142 g - - -
          1.38629  1.38629  1.38629  1.38629
          0.00001 12.59812 12.59812  1.46634  0.26236  1.09861  0.40547
    143   1.70957  1.17889  1.12290  1.68147    143 g - - -
          1.38629  1.38629  1.38629  1.38629
          0.00001 12.59812 12.59812  1.46634  0.26236  1.09861  0.40547
    144   1.70405  1.18751  1.13738  1.64809    144 g - - -
          1.38629  1.38629  1.38629  1.38629
          0.00001 12.59812 12.59812  1.46634  0.26236  1.09861  0.40547
    145   1.70660  1.19206  1.11186  1.68214    145 g - - -
          1.38629  1.38629  1.38629  1.38629
          0.00001 12.59812 12.59812  1.46634  0.26236  1.09861  0.40547
    146   1.72955  1.17909  1.10956  1.68539    146 g - - -
          1.38629  1.38629  1.38629  1.38629
          0.00001 12.59812 12.59812  1.46634  0.26236  1.09861  0.40547
    147   1.75059  1.18171  1.09145  1.69364    147 g - - -
          1.38629  1.38629  1.38629  1.38629
          0.00001 12.59812 12.59812  1.46634  0.26236  1.09861  0.40547
    148   1.75021  1.17511  1.08964  1.70849    148 g - - -
          1.38629  1.38629  1.38629  1.38629
          0.00001 12.59812 12.59812  1.46634  0.26236  1.09861  0.40547
    149   1.72957  1.17812  1.11355  1.67991    149 g - - -
          1.38629  1.38629  1.38629  1.38629
          0.00001 12.59812 12.59812  1.46634  0.26236  1.09861  0.40547
    150   1.70984  1.17634  1.12437  1.68285    150 g - - -
          1.38629  1.38629  1.38629  1.38629
          0.00001 12.59812 12.59812  1.46634  0.26236  1.09861  0.40547
    151   1.71382  1.19263  1.11216  1.67369    151 g - - -
          1.38629  1.38629  1.38629  1.38629
          0.00001 12.59812 12.59812  1.46634  0.26236  1.09861  0.40547
    152   1.74001  1.19192  1.10275  1.66660    152 g - - -
          1.38629  1.38629  1.38629  1.38629
          0.00001 12.59812 12.59812  1.46634  0.26236  1.09861  0.40547
    153   1.72675  1.19151  1.10464  1.67640    153 g - - -
          1.38629  1.38629  1.38629  1.38629
          0.00001 12.59812 12.59812  1.46634  0.26236  1.09861  0.40547
    154   1.76552  1.17531  1.08911  1.69465    154 g - - -
          1.38629  1.38629  1.38629  1.38629
          0.00001 12.59812 12.59812  1.46634  0.26236  1.09861  0.40547
    155   1.77488  1.15329  1.10120  1.70140    155 g - - -
          1.38629  1.38629  1.38629  1.38629
          0.00001 12.59812 12.59812  1.46634  0.26236  1.09861  0.40547
    156   1.77467  1.14609  1.10731  1.70300    156 g - - -
          1.38629  1.38629  1.38629  1.38629
          0.00001 12.59812 12.59812  1.46634  0.26236  1.09861  0.40547
    157   1.79359  1.13252  1.11057  1.70348    157 g - - -
          1.38629  1.38629  1.38629  1.38629
          0.00001 12.59812 12.59812  1.46634  0.26236  1.09861  0.40547
    158   1.75670  1.12738  1.12176  1.72710    158 g - - -
          1.38629  1.38629  1.38629  1.38629
          0.00001 12.59812 12.59812  1.46634  0.26236  1.09861  0.40547
    159   1.78110  1.13581  1.10631  1.71699    159 g - - -
          1.38629  1.38629  1.38629  1.38629
          0.00001 12.59812 12.59812  1.46634  0.26236  1.09861  0.40547
    160   1.77031  1.12769  1.13163  1.69591    160 c - - -
          1.38629  1.38629  1.38629  1.38629
          0.00001 12.59812 12.59812  1.46634  0.26236  1.09861  0.40547
    161   1.77317  1.12556  1.13744  1.68688    161 c - - -
          1.38629  1.38629  1.38629  1.38629
          0.00001 12.59812 12.59812  1.46634  0.26236  1.09861  0.40547
    162   1.76611  1.11267  1.16343  1.67178    162 c - - -
          1.38629  1.38629  1.38629  1.38629
          0.00001 12.59812 12.59812  1.46634  0.26236  1.09861  0.40547
    163   1.77191  1.10690  1.15286  1.69458    163 c - - -
          1.38629  1.38629  1.38629  1.38629
          0.00001 12.59812 12.59812  1.46634  0.26236  1.09861  0.40547
    164   1.75945  1.11275  1.13889  1.72019    164 c - - -
          1.38629  1.38629  1.38629  1.38629
          0.00001 12.59812 12.59812  1.46634  0.26236  1.09861  0.40547
    165   1.71487  1.15940  1.11627  1.72128    165 g - - -
          1.38629  1.38629  1.38629  1.38629
          0.00001 12.59812 12.59812  1.46634  0.26236  1.09861  0.40547
    166   1.66905  1.22817  1.09164  1.69783    166 g - - -
          1.38629  1.38629  1.38629  1.38629
          0.00001 12.59812 12.59812  1.46634  0.26236  1.09861  0.40547
    167   1.65757  1.22476  1.08015  1.73712    167 g - - -
          1.38629  1.38629  1.38629  1.38629
          0.00001 12.59812 12.59812  1.46634  0.26236  1.09861  0.40547
    168   1.70756  1.20967  1.08427  1.70238    168 g - - -
          1.38629  1.38629  1.38629  1.38629
          0.00001 12.59812 12.59812  1.46634  0.26236  1.09861  0.40547
    169   1.78628  1.17260  1.10408  1.65369    169 g - - -
          1.38629  1.38629  1.38629  1.38629
          0.00001 12.59812 12.59812  1.46634  0.26236  1.09861  0.40547
    170   1.74207  1.20015  1.17908  1.53187    170 g - - -
          1.38629  1.38629  1.38629  1.38629
          0.00001 12.59812 12.59812  1.46634  0.26236  1.09861  0.40547
    171   1.66944  1.27398  1.20757  1.45669    171 g - - -
          1.38629  1.38629  1.38629  1.38629
          0.00001 12.59812 12.59812  1.46634  0.26236  1.09861  0.40547
    172   1.50972  1.31848  1.29065  1.44225    172 g - - -
          1.38629  1.38629  1.38629  1.38629
          0.00001 12.59812 12.59812  1.46634  0.26236  1.09861  0.40547
    173   1.40910  1.34216  1.36450  1.43194    173 c - - -
          1.38629  1.38629  1.38629  1.38629
          0.00001 12.59812 12.59812  1.46634  0.26236  1.09861  0.40547
    174   1.30951  1.38985  1.42235  1.42800    174 a - - -
          1.38629  1.38629  1.38629  1.38629
          0.00001 12.59812 12.59812  1.46634  0.26236  1.09861  0.40547
    175   1.27078  1.41038  1.37706  1.50050    175 a - - -
          1.38629  1.38629  1.38629  1.38629
          0.00001 12.59812 12.59812  1.46634  0.26236  1.09861  0.40547
    176   1.39411  1.32009  1.24644  1.62300    176 g - - -
          1.38629  1.38629  1.38629  1.38629
          0.00001 12.59812 12.59812  1.46634  0.26236  1.09861  0.40547
    177   1.55399  1.25501  1.12060  1.72913    177 g - - -
          1.38629  1.38629  1.38629  1.38629
          0.00001 12.59812 12.59812  1.46634  0.26236  1.09861  0.40547
    178   1.72360  1.20190  1.07196  1.72250    178 g - - -
          1.38629  1.38629  1.38629  1.38629
          0.00001 12.59812 12.59812  1.46634  0.26236  1.09861  0.40547
    179   1.79974  1.14561  1.05243  1.78652    179 g - - -
          1.38629  1.38629  1.38629  1.38629
          0.00001 12.59812 12.59812  1.46634  0.26236  1.09861  0.40547
    180   1.80724  1.12927  1.07402  1.76614    180 g - - -
          1.38629  1.38629  1.38629  1.38629
          0.00001 12.59812 12.59812  1.46634  0.26236  1.09861  0.40547
    181   1.79040  1.16096  1.06917  1.73371    181 g - - -
          1.38629  1.38629  1.38629  1.38629
          0.00001 12.59812 12.59812  1.46634  0.26236  1.09861  0.40547
    182   1.79980  1.16100  1.07421  1.71519    182 g - - -
          1.38629  1.38629  1.38629  1.38629
          0.00001 12.59812 12.59812  1.46634  0.26236  1.09861  0.40547
    183   1.78472  1.13630  1.11334  1.69995    183 g - - -
          1.38629  1.38629  1.38629  1.38629
          0.00001 12.59812 12.59812  1.46634  0.26236  1.09861  0.40547
    184   1.81122  1.11343  1.13227  1.68301    184 c - - -
          1.38629  1.38629  1.38629  1.38629
          0.00001 12.59812 12.59812  1.46634  0.26236  1.09861  0.40547
    185   1.79022  1.12962  1.14215  1.65660    185 c - - -
          1.38629  1.38629  1.38629  1.38629
          0.00001 12.59812 12.59812  1.46634  0.26236  1.09861  0.40547
    186   1.78401  1.16533  1.11015  1.65702    186 g - - -
          1.38629  1.38629  1.38629  1.38629
          0.00001 12.59812 12.59812  1.46634  0.26236  1.09861  0.40547
    187   1.78029  1.20019  1.06998  1.67527    187 g - - -
          1.38629  1.38629  1.38629  1.38629
          0.00001 12.59812 12.59812  1.46634  0.26236  1.09861  0.40547
    188   1.79463  1.11748  1.10228  1.74528    188 g - - -
          1.38629  1.38629  1.38629  1.38629
          0.00001 12.59812 12.59812  1.46634  0.26236  1.09861  0.40547
    189   1.79783  1.08304  1.12725  1.76110    189 c - - -
          1.38629  1.38629  1.38629  1.38629
          0.00001 12.59812 12.59812  1.46634  0.26236  1.09861  0.40547
    190   1.85374  1.10449  1.10927  1.70282    190 c - - -
          1.38629  1.38629  1.38629  1.38629
          0.00001 12.59812 12.59812  1.46634  0.26236  1.09861  0.40547
    191   1.77332  1.16655  1.12695  1.63594    191 g - - -
          1.38629  1.38629  1.38629  1.38629
          0.00001 12.59812 12.59812  1.46634  0.26236  1.09861  0.40547
    192   1.79033  1.18706  1.09729  1.63886    192 g - - -
          1.38629  1.38629  1.38629  1.38629
          0.00001 12.59812 12.59812  1.46634  0.26236  1.09861  0.40547
    193   1.74421  1.20148  1.10600  1.64203    193 g - - -
          1.38629  1.38629  1.38629  1.38629
          0.00001 12.59812 12.59812  1.46634  0.26236  1.09861  0.40547
    194   1.76291  1.17369  1.12163  1.64257    194 g - - -
          1.38629  1.38629  1.38629  1.38629
          0.00001 12.59812 12.59812  1.46634  0.26236  1.09861  0.40547
    195   1.74201  1.18269  1.14210  1.61330    195 g - - -
          1.38629  1.38629  1.38629  1.38629
          0.00001 12.59812 12.59812  1.46634  0.26236  1.09861  0.40547
    196   1.73257  1.18676  1.20589  1.52080    196 c - - -
          1.38629  1.38629  1.38629  1.38629
          0.00001 12.59812 12.59812  1.46634  0.26236  1.09861  0.40547
    197   1.71111  1.04571  1.23972  1.72358    197 c - - -
          1.38629  1.38629  1.38629  1.38629
          0.00001 12.59812 12.59812  1.46634  0.26236  1.09861  0.40547
    198   1.90468  1.31551  0.99141  1.55240    198 g - - -
          1.38629  1.38629  1.38629  1.38629
          0.00001 12.59812 12.59812  1.46634  0.26236  1.09861  0.40547
    199   2.37587  1.18598  1.11224  1.29904    199 g - - -
          1.38629  1.38629  1.38629  1.38629
          0.00001 12.59812 12.59812  1.46634  0.26236  1.09861  0.40547
    200   3.04606  0.57253  1.97159  1.38981    200 c - - -
          1.38629  1.38629  1.38629  1.38629
          0.00001 12.59812 12.59812  1.46634  0.26236  1.09861  0.40547
    201   0.63430  2.13699  1.11720  3.70941    201 a - - -
          1.38629  1.38629  1.38629  1.38629
          0.00001 12.59812 12.59812  1.46634  0.26236  1.09861  0.40547
    202   1.94273  1.36906  0.98069  1.48152    202 g - - -
          1.38629  1.38629  1.38629  1.38629
          0.00001 12.59812 12.59812  1.46634  0.26236  1.09861  0.40547
    203   1.31030  1.44500  1.62410  1.21259    203 t - - -
          1.38629  1.38629  1.38629  1.38629
          0.00001 12.59812 12.59812  1.46634  0.26236  1.09861  0.40547
    204   1.68804  1.19248  1.28316  1.45034    204 c - - -
          1.38629  1.38629  1.38629  1.38629
          0.00001 12.59812 12.59812  1.46634  0.26236  1.09861  0.40547
    205   1.80524  1.20328  1.26399  1.37503    205 c - - -
          1.38629  1.38629  1.38629  1.38629
          0.00001 12.59812 12.59812  1.46634  0.26236  1.09861  0.40547
    206   1.83671  1.11628  1.27697  1.45124    206 c - - -
          1.38629  1.38629  1.38629  1.38629
          0.00001 12.59812 12.59812  1.46634  0.26236  1.09861  0.40547
    207   1.76674  1.18123  1.15172  1.57931    207 g - - -
          1.38629  1.38629  1.38629  1.38629
          0.00001 12.59812 12.59812  1.46634  0.26236  1.09861  0.40547
    208   1.75554  1.15508  1.13705  1.65343    208 g - - -
          1.38629  1.38629  1.38629  1.38629
          0.00001 12.59812 12.59812  1.46634  0.26236  1.09861  0.40547
    209   1.80291  1.11090  1.17446  1.62490    209 c - - -
          1.38629  1.38629  1.38629  1.38629
          0.00001 12.59812 12.59812  1.46634  0.26236  1.09861  0.40547
    210   1.76860  1.14983  1.16763  1.60130    210 c - - -
          1.38629  1.38629  1.38629  1.38629
          0.00001 12.59812 12.59812  1.46634  0.26236  1.09861  0.40547
    211   1.74303  1.14954  1.15083  1.65101    211 c - - -
          1.38629  1.38629  1.38629  1.38629
          0.00001 12.59812 12.59812  1.46634  0.26236  1.09861  0.40547
    212   1.66633  1.20458  1.13881  1.65525    212 g - - -
          1.38629  1.38629  1.38629  1.38629
          0.00001 12.59812 12.59812  1.46634  0.26236  1.09861  0.40547
    213   1.72893  1.25567  1.01352  1.74467    213 g - - -
          1.38629  1.38629  1.38629  1.38629
          0.00001 12.59812 12.59812  1.46634  0.26236  1.09861  0.40547
    214   1.73431  1.16730  1.07015  1.77599    214 g - - -
          1.38629  1.38629  1.38629  1.38629
          0.00001 12.59812 12.59812  1.46634  0.26236  1.09861  0.40547
    215   1.69700  1.12154  1.15723  1.73368    215 c - - -
          1.38629  1.38629  1.38629  1.38629
          0.00001 12.59812 12.59812  1.46634  0.26236  1.09861  0.40547
    216   1.83608  1.10177  1.14645  1.65802    216 c - - -
          1.38629  1.38629  1.38629  1.38629
          0.00001 12.59812 12.59812  1.46634  0.26236  1.09861  0.40547
    217   1.81758  1.09049  1.15452  1.68029    217 c - - -
          1.38629  1.38629  1.38629  1.38629
          0.00001 12.59812 12.59812  1.46634  0.26236  1.09861  0.40547
    218   1.85407  1.13252  1.06623  1.73229    218 g - - -
          1.38629  1.38629  1.38629  1.38629
          0.00001 12.59812 12.59812  1.46634  0.26236  1.09861  0.40547
    219   1.71714  1.20148  1.06015  1.75290    219 g - - -
          1.38629  1.38629  1.38629  1.38629
          0.00001 12.59812 12.59812  1.46634  0.26236  1.09861  0.40547
    220   1.67250  1.19517  1.10552  1.72299    220 g - - -
          1.38629  1.38629  1.38629  1.38629
          0.00001 12.59812 12.59812  1.46634  0.26236  1.09861  0.40547
    221   1.65930  1.20170  1.08698  1.76134    221 g - - -
          1.38629  1.38629  1.38629  1.38629
          0.00001 12.59812 12.59812  1.46634  0.26236  1.09861  0.40547
    222   1.64234  1.24002  1.03800  1.81444    222 g - - -
          1.38629  1.38629  1.38629  1.38629
          0.00001 12.59812 12.59812  1.46634  0.26236  1.09861  0.40547
    223   1.61991  1.30011  1.00310  1.81497    223 g - - -
          1.38629  1.38629  1.38629  1.38629
          0.00001 12.59812 12.59812  1.46634  0.26236  1.09861  0.40547
    224   1.59748  1.38402  0.95300  1.82361    224 g - - -
          1.38629  1.38629  1.38629  1.38629
          0.00001 12.59812 12.59812  1.46634  0.26236  1.09861  0.40547
    225   1.61163  1.37921  0.96610  1.78321    225 g - - -
          1.38629  1.38629  1.38629  1.38629
          0.00001 12.59812 12.59812  1.46634  0.26236  1.09861  0.40547
    226   1.61843  1.29171  1.03619  1.75918    226 g - - -
          1.38629  1.38629  1.38629  1.38629
          0.00001 12.59812 12.59812  1.46634  0.26236  1.09861  0.40547
    227   1.56512  1.29698  1.03138  1.82593    227 g - - -
          1.38629  1.38629  1.38629  1.38629
          0.00001 12.59812 12.59812  1.46634  0.26236  1.09861  0.40547
    228   1.56482  1.34508  0.97517  1.87581    228 g - - -
          1.38629  1.38629  1.38629  1.38629
          0.00001 12.59812 12.59812  1.46634  0.26236  1.09861  0.40547
    229   1.65346  1.29821  0.95560  1.89039    229 g - - -
          1.38629  1.38629  1.38629  1.38629
          0.00001 12.59812 12.59812  1.46634  0.26236  1.09861  0.40547
    230   1.58930  1.30097  1.02741  1.79739    230 g - - -
          1.38629  1.38629  1.38629  1.38629
          0.00001 12.59812 12.59812  1.46634  0.26236  1.09861  0.40547
    231   1.65597  1.26717  1.05921  1.71073    231 g - - -
          1.38629  1.38629  1.38629  1.38629
          0.00001 12.59812 12.59812  1.46634  0.26236  1.09861  0.40547
    232   1.76791  1.21755  1.05847  1.68002    232 g - - -
          1.38629  1.38629  1.38629  1.38629
          0.00001 12.59812 12.59812  1.46634  0.26236  1.09861  0.40547
    233   1.76627  1.20125  1.08342  1.66191    233 g - - -
          1.38629  1.38629  1.38629  1.38629
          0.00001 12.59812 12.59812  1.46634  0.26236  1.09861  0.40547
    234   1.78245  1.19862  1.10574  1.61347    234 g - - -
          1.38629  1.38629  1.38629  1.38629
          0.00001 12.59812 12.59812  1.46634  0.26236  1.09861  0.40547
    235   1.76763  1.20138  1.13429  1.57583    235 g - - -
          1.38629  1.38629  1.38629  1.38629
          0.00001 12.59812 12.59812  1.46634  0.26236  1.09861  0.40547
    236   1.72722  1.20278  1.15482  1.57625    236 g - - -
          1.38629  1.38629  1.38629  1.38629
          0.00001 12.59812 12.59812  1.46634  0.26236  1.09861  0.40547
    237   1.71099  1.23526  1.14102  1.56512    237 g - - -
          1.38629  1.38629  1.38629  1.38629
          0.00001 12.59812 12.59812  1.46634  0.26236  1.09861  0.40547
    238   1.71388  1.22749  1.14094  1.57364    238 g - - -
          1.38629  1.38629  1.38629  1.38629
          0.00001 12.59812 12.59812  1.46634  0.26236  1.09861  0.40547
    239   1.70263  1.20911  1.13056  1.62720    239 g - - -
          1.38629  1.38629  1.38629  1.38629
          0.00001 12.59812 12.59812  1.46634  0.26236  1.09861  0.40547
    240   1.71816  1.22462  1.11081  1.62230    240 g - - -
          1.38629  1.38629  1.38629  1.38629
          0.00001 12.59812 12.59812  1.46634  0.26236  1.09861  0.40547
    241   1.69844  1.25215  1.10434  1.61087    241 g - - -
          1.38629  1.38629  1.38629  1.38629
          0.00001 12.59812 12.59812  1.46634  0.26236  1.09861  0.40547
    242   1.72123  1.23110  1.09898  1.62978    242 g - - -
          1.38629  1.38629  1.38629  1.38629
          0.00001 12.59812 12.59812  1.46634  0.26236  1.09861  0.40547
    243   1.72999  1.21068  1.10960  1.63461    243 g - - -
          1.38629  1.38629  1.38629  1.38629
          0.00001 12.59812 12.59812  1.46634  0.26236  1.09861  0.40547
    244   1.76946  1.20737  1.11044  1.60356    244 g - - -
          1.38629  1.38629  1.38629  1.38629
          0.00001 12.59812 12.59812  1.46634  0.26236  1.09861  0.40547
    245   1.81383  1.17139  1.12093  1.60415    245 g - - -
          1.38629  1.38629  1.38629  1.38629
          0.00001 12.59812 12.59812  1.46634  0.26236  1.09861  0.40547
    246   1.84513  1.17864  1.11625  1.57605    246 g - - -
          1.38629  1.38629  1.38629  1.38629
          0.00001 12.59812 12.59812  1.46634  0.26236  1.09861  0.40547
    247   1.86327  1.15815  1.10566  1.61055    247 g - - -
          1.38629  1.38629  1.38629  1.38629
          0.00001 12.59812 12.59812  1.46634  0.26236  1.09861  0.40547
    248   1.77811  1.16168  1.12113  1.64937    248 g - - -
          1.38629  1.38629  1.38629  1.38629
          0.00001 12.59812 12.59812  1.46634  0.26236  1.09861  0.40547
    249   1.77015  1.17788  1.10486  1.65807    249 g - - -
          1.38629  1.38629  1.38629  1.38629
          0.00001 12.59812 12.59812  1.46634  0.26236  1.09861  0.40547
    250   1.75644  1.19008  1.10506  1.65050    250 g - - -
          1.38629  1.38629  1.38629  1.38629
          0.00001 12.59812 12.59812  1.46634  0.26236  1.09861  0.40547
    251   1.70322  1.19249  1.11420  1.68060    251 g - - -
          1.38629  1.38629  1.38629  1.38629
          0.00001 12.59812 12.59812  1.46634  0.26236  1.09861  0.40547
    252   1.65939  1.22436  1.12710  1.65114    252 g - - -
          1.38629  1.38629  1.38629  1.38629
          0.00001 12.59812 12.59812  1.46634  0.26236  1.09861  0.40547
    253   1.68720  1.23357  1.11816  1.62539    253 g - - -
          1.38629  1.38629  1.38629  1.38629
          0.00001 12.59812 12.59812  1.46634  0.26236  1.09861  0.40547
    254   1.67329  1.23321  1.12614  1.62591    254 g - - -
          1.38629  1.38629  1.38629  1.38629
          0.00001 12.59812 12.59812  1.46634  0.26236  1.09861  0.40547
    255   1.67041  1.23274  1.14153  1.60442    255 g - - -
          1.38629  1.38629  1.38629  1.38629
          0.00001 12.59812 12.59812  1.46634  0.26236  1.09861  0.40547
    256   1.64988  1.23551  1.12717  1.64357    256 g - - -
          1.38629  1.38629  1.38629  1.38629
          0.00001 12.59812 12.59812  1.46634  0.26236  1.09861  0.40547
    257   1.66140  1.26037  1.12757  1.59574    257 g - - -
          1.38629  1.38629  1.38629  1.38629
          0.00001 12.59812 12.59812  1.46634  0.26236  1.09861  0.40547
    258   1.66469  1.24204  1.12134  1.62906    258 g - - -
          1.38629  1.38629  1.38629  1.38629
          0.00001 12.59812 12.59812  1.46634  0.26236  1.09861  0.40547
    259   1.68891  1.22849  1.11467  1.63721    259 g - - -
          1.38629  1.38629  1.38629  1.38629
          0.00001 12.59812 12.59812  1.46634  0.26236  1.09861  0.40547
    260   1.68651  1.21122  1.11915  1.65839    260 g - - -
          1.38629  1.38629  1.38629  1.38629
          0.00001 12.59812 12.59812  1.46634  0.26236  1.09861  0.40547
    261   1.68007  1.20971  1.12948  1.64946    261 g - - -
          1.38629  1.38629  1.38629  1.38629
          0.00001 12.59812 12.59812  1.46634  0.26236  1.09861  0.40547
    262   1.70755  1.19928  1.13942  1.62316    262 g - - -
          1.38629  1.38629  1.38629  1.38629
          0.00001 12.59812 12.59812  1.46634  0.26236  1.09861  0.40547
    263   1.69806  1.19791  1.14447  1.62586    263 g - - -
          1.38629  1.38629  1.38629  1.38629
          0.00001 12.59812 12.59812  1.46634  0.26236  1.09861  0.40547
    264   1.71019  1.20813  1.13189  1.61953    264 g - - -
          1.38629  1.38629  1.38629  1.38629
          0.00001 12.59812 12.59812  1.46634  0.26236  1.09861  0.40547
    265   1.68969  1.22013  1.16241  1.57262    265 g - - -
          1.38629  1.38629  1.38629  1.38629
          0.00001 12.59812 12.59812  1.46634  0.26236  1.09861  0.40547
    266   1.66579  1.22141  1.15690  1.60106    266 g - - -
          1.38629  1.38629  1.38629  1.38629
          0.00001 12.59812 12.59812  1.46634  0.26236  1.09861  0.40547
    267   1.67179  1.21533  1.14528  1.62280    267 g - - -
          1.38629  1.38629  1.38629  1.38629
          0.00001 12.59812 12.59812  1.46634  0.26236  1.09861  0.40547
    268   1.67068  1.22916  1.14177  1.60898    268 g - - -
          1.38629  1.38629  1.38629  1.38629
          0.00001 12.59812 12.59812  1.46634  0.26236  1.09861  0.40547
    269   1.68544  1.22114  1.11986  1.64290    269 g - - -
          1.38629  1.38629  1.38629  1.38629
          0.00001 12.59812 12.59812  1.46634  0.26236  1.09861  0.40547
    270   1.67520  1.22086  1.13264  1.63183    270 g - - -
          1.38629  1.38629  1.38629  1.38629
          0.00001 12.59812 12.59812  1.46634  0.26236  1.09861  0.40547
    271   1.72008  1.20406  1.11049  1.65246    271 g - - -
          1.38629  1.38629  1.38629  1.38629
          0.00001 12.59812 12.59812  1.46634  0.26236  1.09861  0.40547
    272   1.69998  1.21087  1.11501  1.65306    272 g - - -
          1.38629  1.38629  1.38629  1.38629
          0.00001 12.59812 12.59812  1.46634  0.26236  1.09861  0.40547
    273   1.68738  1.21546  1.13300  1.62782    273 g - - -
          1.38629  1.38629  1.38629  1.38629
          0.00001 12.59812 12.59812  1.46634  0.26236  1.09861  0.40547
    274   1.68756  1.20732  1.16123  1.59488    274 g - - -
          1.38629  1.38629  1.38629  1.38629
          0.00001 12.59812 12.59812  1.46634  0.26236  1.09861  0.40547
    275   1.68990  1.21102  1.15792  1.59244    275 g - - -
          1.38629  1.38629  1.38629  1.38629
          0.00001 12.59812 12.59812  1.46634  0.26236  1.09861  0.40547
    276   1.65808  1.22532  1.14434  1.62254    276 g - - -
          1.38629  1.38629  1.38629  1.38629
          0.00001 12.59812 12.59812  1.46634  0.26236  1.09861  0.40547
    277   1.67679  1.23195  1.13814  1.60501    277 g - - -
          1.38629  1.38629  1.38629  1.38629
          0.00001 12.59812 12.59812  1.46634  0.26236  1.09861  0.40547
    278   1.67412  1.26126  1.11036  1.61049    278 g - - -
          1.38629  1.38629  1.38629  1.38629
          0.00001 12.59812 12.59812  1.46634  0.26236  1.09861  0.40547
    279   1.68869  1.22476  1.11421  1.64385    279 g - - -
          1.38629  1.38629  1.38629  1.38629
          0.00001 12.59812 12.59812  1.46634  0.26236  1.09861  0.40547
    280   1.71261  1.21134  1.10010  1.66616    280 g - - -
          1.38629  1.38629  1.38629  1.38629
          0.00001 12.59812 12.59812  1.46634  0.26236  1.09861  0.40547
    281   1.69316  1.22198  1.10199  1.66492    281 g - - -
          1.38629  1.38629  1.38629  1.38629
          0.00001 12.59812 12.59812  1.46634  0.26236  1.09861  0.40547
    282   1.71038  1.20398  1.11411  1.65548    282 g - - -
          1.38629  1.38629  1.38629  1.38629
          0.00001 12.59812 12.59812  1.46634  0.26236  1.09861  0.40547
    283   1.71131  1.20702  1.13070  1.62214    283 g - - -
          1.38629  1.38629  1.38629  1.38629
          0.00001 12.59812 12.59812  1.46634  0.26236  1.09861  0.40547
    284   1.71255  1.19719  1.14754  1.60875    284 g - - -
          1.38629  1.38629  1.38629  1.38629
          0.00001 12.59812 12.59812  1.46634  0.26236  1.09861  0.40547
    285   1.67926  1.19733  1.17326  1.59883    285 g - - -
          1.38629  1.38629  1.38629  1.38629
          0.00001 12.59812 12.59812  1.46634  0.26236  1.09861  0.40547
    286   1.67898  1.20772  1.15095  1.61836    286 g - - -
          1.38629  1.38629  1.38629  1.38629
          0.00001 12.59812 12.59812  1.46634  0.26236  1.09861  0.40547
    287   1.68460  1.23148  1.11828  1.63076    287 g - - -
          1.38629  1.38629  1.38629  1.38629
          0.00001 12.59812 12.59812  1.46634  0.26236  1.09861  0.40547
    288   1.65641  1.23945  1.11778  1.64699    288 g - - -
          1.38629  1.38629  1.38629  1.38629
          0.00001 12.59812 12.59812  1.46634  0.26236  1.09861  0.40547
    289   1.67158  1.24848  1.11995  1.61540    289 g - - -
          1.38629  1.38629  1.38629  1.38629
          0.00001 12.59812 12.59812  1.46634  0.26236  1.09861  0.40547
    290   1.68212  1.22071  1.12635  1.63584    290 g - - -
          1.38629  1.38629  1.38629  1.38629
          0.00001 12.59812 12.59812  1.46634  0.26236  1.09861  0.40547
    291   1.69162  1.22587  1.11051  1.64566    291 g - - -
          1.38629  1.38629  1.38629  1.38629
          0.00001 12.59812 12.59812  1.46634  0.26236  1.09861  0.40547
    292   1.67560  1.21710  1.13337  1.63594    292 g - - -
          1.38629  1.38629  1.38629  1.38629
          0.00001 12.59812 12.59812  1.46634  0.26236  1.09861  0.40547
    293   1.68886  1.20298  1.12754  1.65472    293 g - - -
          1.38629  1.38629  1.38629  1.38629
          0.00001 12.59812 12.59812  1.46634  0.26236  1.09861  0.40547
    294   1.69991  1.19831  1.15089  1.61325    294 g - - -
          1.38629  1.38629  1.38629  1.38629
          0.00001 12.59812 12.59812  1.46634  0.26236  1.09861  0.40547
    295   1.68323  1.20407  1.15550  1.61266    295 g - - -
          1.38629  1.38629  1.38629  1.38629
          0.00001 12.59812 12.59812  1.46634  0.26236  1.09861  0.40547
    296   1.65287  1.22150  1.16117  1.60646    296 g - - -
          1.38629  1.38629  1.38629  1.38629
          0.00001 12.59812 12.59812  1.46634  0.26236  1.09861  0.40547
    297   1.66774  1.22999  1.14037  1.61279    297 g - - -
          1.38629  1.38629  1.38629  1.38629
          0.00001 12.59812 12.59812  1.46634  0.26236  1.09861  0.40547
    298   1.63861  1.23841  1.14026  1.62877    298 g - - -
          1.38629  1.38629  1.38629  1.38629
          0.00001 12.59812 12.59812  1.46634  0.26236  1.09861  0.40547
    299   1.64505  1.24812  1.13066  1.62386    299 g - - -
          1.38629  1.38629  1.38629  1.38629
          0.00001 12.59812 12.59812  1.46634  0.26236  1.09861  0.40547
    300   1.66206  1.24630  1.10779  1.64820    300 g - - -
          1.38629  1.38629  1.38629  1.38629
          0.00001 12.59812 12.59812  1.46634  0.26236  1.09861  0.40547
    301   1.67057  1.23836  1.12756  1.61858    301 g - - -
          1.38629  1.38629  1.38629  1.38629
          0.00001 12.59812 12.59812  1.46634  0.26236  1.09861  0.40547
    302   1.68248  1.23501  1.13855  1.59469    302 g - - -
          1.38629  1.38629  1.38629  1.38629
          0.00001 12.59812 12.59812  1.46634  0.26236  1.09861  0.40547
    303   1.70957  1.20182  1.13837  1.61913    303 g - - -
          1.38629  1.38629  1.38629  1.38629
          0.00001 12.59812 12.59812  1.46634  0.26236  1.09861  0.40547
    304   1.70111  1.19187  1.15647  1.61308    304 g - - -
          1.38629  1.38629  1.38629  1.38629
          0.00001 12.59812 12.59812  1.46634  0.26236  1.09861  0.40547
    305   1.67929  1.21716  1.14041  1.62083    305 g - - -
          1.38629  1.38629  1.38629  1.38629
          0.00001 12.59812 12.59812  1.46634  0.26236  1.09861  0.40547
    306   1.66156  1.23337  1.13452  1.62317    306 g - - -
          1.38629  1.38629  1.38629  1.38629
          0.00001 12.59812 12.59812  1.46634  0.26236  1.09861  0.40547
    307   1.65910  1.23477  1.13302  1.62593    307 g - - -
          1.38629  1.38629  1.38629  1.38629
          0.00001 12.59812 12.59812  1.46634  0.26236  1.09861  0.40547
    308   1.64037  1.25155  1.12651  1.63031    308 g - - -
          1.38629  1.38629  1.38629  1.38629
          0.00001 12.59812 12.59812  1.46634  0.26236  1.09861  0.40547
    309   1.63078  1.25821  1.11118  1.65604    309 g - - -
          1.38629  1.38629  1.38629  1.38629
          0.00001 12.59812 12.59812  1.46634  0.26236  1.09861  0.40547
    310   1.64464  1.23615  1.13302  1.63804    310 g - - -
          1.38629  1.38629  1.38629  1.38629
          0.00001 12.59812 12.59812  1.46634  0.26236  1.09861  0.40547
    311   1.63506  1.27030  1.12200  1.61605    311 g - - -
          1.38629  1.38629  1.38629  1.38629
          0.00001 12.59812 12.59812  1.46634  0.26236  1.09861  0.40547
    312   1.65982  1.24103  1.13155  1.61844    312 g - - -
          1.38629  1.38629  1.38629  1.38629
          0.00001 12.59812 12.59812  1.46634  0.26236  1.09861  0.40547
    313   1.67728  1.21627  1.14971  1.60916    313 g - - -
          1.38629  1.38629  1.38629  1.38629
          0.00001 12.59812 12.59812  1.46634  0.26236  1.09861  0.40547
    314   1.68518  1.23004  1.13735  1.60128    314 g - - -
          1.38629  1.38629  1.38629  1.38629
          0.00001 12.59812 12.59812  1.46634  0.26236  1.09861  0.40547
    315   1.69500  1.22601  1.13638  1.59968    315 g - - -
          1.38629  1.38629  1.38629  1.38629
          0.00001 12.59812 12.59812  1.46634  0.26236  1.09861  0.40547
    316   1.68316  1.23030  1.13431  1.60762    316 g - - -
          1.38629  1.38629  1.38629  1.38629
          0.00001 12.59812 12.59812  1.46634  0.26236  1.09861  0.40547
    317   1.66492  1.22501  1.14154  1.62093    317 g - - -
          1.38629  1.38629  1.38629  1.38629
          0.00001 12.59812 12.59812  1.46634  0.26236  1.09861  0.40547
    318   1.65222  1.24618  1.11971  1.63783    318 g - - -
          1.38629  1.38629  1.38629  1.38629
          0.00001 12.59812 12.59812  1.46634  0.26236  1.09861  0.40547
    319   1.66998  1.24412  1.11816  1.62620    319 g - - -
          1.38629  1.38629  1.38629  1.38629
          0.00001 12.59812 12.59812  1.46634  0.26236  1.09861  0.40547
    320   1.63984  1.26910  1.11513  1.62439    320 g - - -
          1.38629  1.38629  1.38629  1.38629
          0.00001 12.59812 12.59812  1.46634  0.26236  1.09861  0.40547
    321   1.61871  1.25367  1.12450  1.65247    321 g - - -
          1.38629  1.38629  1.38629  1.38629
          0.00001 12.59812 12.59812  1.46634  0.26236  1.09861  0.40547
    322   1.64281  1.25024  1.13239  1.62016    322 g - - -
          1.38629  1.38629  1.38629  1.38629
          0.00001 12.59812 12.59812  1.46634  0.26236  1.09861  0.40547
    323   1.66435  1.22972  1.13282  1.62868    323 g - - -
          1.38629  1.38629  1.38629  1.38629
          0.00001 12.59812 12.59812  1.46634  0.26236  1.09861  0.40547
    324   1.65612  1.22945  1.15071  1.60815    324 g - - -
          1.38629  1.38629  1.38629  1.38629
          0.00001 12.59812 12.59812  1.46634  0.26236  1.09861  0.40547
    325   1.66081  1.23026  1.14667  1.60890    325 g - - -
          1.38629  1.38629  1.38629  1.38629
          0.00001 12.59812 12.59812  1.46634  0.26236  1.09861  0.40547
    326   1.67918  1.21603  1.13297  1.63480    326 g - - -
          1.38629  1.38629  1.38629  1.38629
          0.00001 12.59812 12.59812  1.46634  0.26236  1.09861  0.40547
    327   1.66283  1.23780  1.12728  1.62727    327 g - - -
          1.38629  1.38629  1.38629  1.38629
          0.00001 12.59812 12.59812  1.46634  0.26236  1.09861  0.40547
    328   1.67187  1.25326  1.11544  1.61564    328 g - - -
          1.38629  1.38629  1.38629  1.38629
          0.00001 12.59812 12.59812  1.46634  0.26236  1.09861  0.40547
    329   1.66388  1.25100  1.11087  1.63421    329 g - - -
          1.38629  1.38629  1.38629  1.38629
          0.00001 12.59812 12.59812  1.46634  0.26236  1.09861  0.40547
    330   1.63198  1.27336  1.11135  1.63243    330 g - - -
          1.38629  1.38629  1.38629  1.38629
          0.00001 12.59812 12.59812  1.46634  0.26236  1.09861  0.40547
    331   1.66253  1.24861  1.12454  1.61628    331 g - - -
          1.38629  1.38629  1.38629  1.38629
          0.00001 12.59812 12.59812  1.46634  0.26236  1.09861  0.40547
    332   1.67043  1.24130  1.13110  1.60869    332 g - - -
          1.38629  1.38629  1.38629  1.38629
          0.00001 12.59812 12.59812  1.46634  0.26236  1.09861  0.40547
    333   1.65913  1.23374  1.14432  1.60917    333 g - - -
          1.38629  1.38629  1.38629  1.38629
          0.00001 12.59812 12.59812  1.46634  0.26236  1.09861  0.40547
    334   1.65303  1.22535  1.17331  1.58214    334 g - - -
          1.38629  1.38629  1.38629  1.38629
          0.00001 12.59812 12.59812  1.46634  0.26236  1.09861  0.40547
    335   1.66256  1.22435  1.15148  1.60830    335 g - - -
          1.38629  1.38629  1.38629  1.38629
          0.00001 12.59812 12.59812  1.46634  0.26236  1.09861  0.40547
    336   1.67471  1.22878  1.14973  1.59323    336 g - - -
          1.38629  1.38629  1.38629  1.38629
          0.00001 12.59812 12.59812  1.46634  0.26236  1.09861  0.40547
    337   1.67902  1.23324  1.14123  1.59618    337 g - - -
          1.38629  1.38629  1.38629  1.38629
          0.00001 12.59812 12.59812  1.46634  0.26236  1.09861  0.40547
    338   1.66341  1.24805  1.12287  1.61899    338 g - - -
          1.38629  1.38629  1.38629  1.38629
          0.00001 12.59812 12.59812  1.46634  0.26236  1.09861  0.40547
    339   1.66251  1.25434  1.11908  1.61700    339 g - - -
          1.38629  1.38629  1.38629  1.38629
          0.00001 12.59812 12.59812  1.46634  0.26236  1.09861  0.40547
    340   1.66526  1.25513  1.11244  1.62422    340 g - - -
          1.38629  1.38629  1.38629  1.38629
          0.00001 12.59812 12.59812  1.46634  0.26236  1.09861  0.40547
    341   1.66383  1.26003  1.11663  1.61162    341 g - - -
          1.38629  1.38629  1.38629  1.38629
          0.00001 12.59812 12.59812  1.46634  0.26236  1.09861  0.40547
    342   1.66779  1.24602  1.11704  1.62740    342 g - - -
          1.38629  1.38629  1.38629  1.38629
          0.00001 12.59812 12.59812  1.46634  0.26236  1.09861  0.40547
    343   1.64952  1.22299  1.14701  1.63002    343 g - - -
          1.38629  1.38629  1.38629  1.38629
          0.00001 12.59812 12.59812  1.46634  0.26236  1.09861  0.40547
    344   1.65876  1.23470  1.14604  1.60541    344 g - - -
          1.38629  1.38629  1.38629  1.38629
          0.00001 12.59812 12.59812  1.46634  0.26236  1.09861  0.40547
    345   1.65377  1.23727  1.14209  1.61270    345 g - - -
          1.38629  1.38629  1.38629  1.38629
          0.00001 12.59812 12.59812  1.46634  0.26236  1.09861  0.40547
    346   1.64730  1.24617  1.15606  1.58425    346 g - - -
          1.38629  1.38629  1.38629  1.38629
          0.00001 12.59812 12.59812  1.46634  0.26236  1.09861  0.40547
    347   1.65334  1.25907  1.12586  1.60794    347 g - - -
          1.38629  1.38629  1.38629  1.38629
          0.00001 12.59812 12.59812  1.46634  0.26236  1.09861  0.40547
    348   1.67309  1.26634  1.12169  1.58600    348 g - - -
          1.38629  1.38629  1.38629  1.38629
          0.00001 12.59812 12.59812  1.46634  0.26236  1.09861  0.40547
    349   1.65727  1.26377  1.12513  1.59878    349 g - - -
          1.38629  1.38629  1.38629  1.38629
          0.00001 12.59812 12.59812  1.46634  0.26236  1.09861  0.40547
    350   1.65787  1.27467  1.11084  1.60619    350 g - - -
          1.38629  1.38629  1.38629  1.38629
          0.00001 12.59812 12.59812  1.46634  0.26236  1.09861  0.40547
    351   1.63936  1.25862  1.12784  1.61889    351 g - - -
          1.38629  1.38629  1.38629  1.38629
          0.00001 12.59812 12.59812  1.46634  0.26236  1.09861  0.40547
    352   1.65586  1.27465  1.11495  1.60141    352 g - - -
          1.38629  1.38629  1.38629  1.38629
          0.00001 12.59812 12.59812  1.46634  0.26236  1.09861  0.40547
    353   1.67956  1.25050  1.12658  1.59434    353 g - - -
          1.38629  1.38629  1.38629  1.38629
          0.00001 12.59812 12.59812  1.46634  0.26236  1.09861  0.40547
    354   1.67038  1.23745  1.14322  1.59500    354 g - - -
          1.38629  1.38629  1.38629  1.38629
          0.00001 12.59812 12.59812  1.46634  0.26236  1.09861  0.40547
    355   1.68758  1.24442  1.13623  1.58037    355 g - - -
          1.38629  1.38629  1.38629  1.38629
          0.00001 12.59812 12.59812  1.46634  0.26236  1.09861  0.40547
    356   1.65122  1.25586  1.14853  1.57866    356 g - - -
          1.38629  1.38629  1.38629  1.38629
          0.00001 12.59812 12.59812  1.46634  0.26236  1.09861  0.40547
    357   1.65213  1.25712  1.14526  1.58112    357 g - - -
          1.38629  1.38629  1.38629  1.38629
          0.00001 12.59812 12.59812  1.46634  0.26236  1.09861  0.40547
    358   1.66661  1.24644  1.13541  1.59802    358 g - - -
          1.38629  1.38629  1.38629  1.38629
          0.00001 12.59812 12.59812  1.46634  0.26236  1.09861  0.40547
    359   1.64499  1.27544  1.12824  1.58927    359 g - - -
          1.38629  1.38629  1.38629  1.38629
          0.00001 12.59812 12.59812  1.46634  0.26236  1.09861  0.40547
    360   1.66004  1.26276  1.11051  1.62148    360 g - - -
          1.38629  1.38629  1.38629  1.38629
          0.00001 12.59812 12.59812  1.46634  0.26236  1.09861  0.40547
    361   1.64276  1.27308  1.11495  1.61618    361 g - - -
          1.38629  1.38629  1.38629  1.38629
          0.00001 12.59812 12.59812  1.46634  0.26236  1.09861  0.40547
    362   1.65008  1.26732  1.10955  1.62621    362 g - - -
          1.38629  1.38629  1.38629  1.38629
          0.00001 12.59812 12.59812  1.46634  0.26236  1.09861  0.40547
    363   1.68158  1.23301  1.13559  1.60310    363 g - - -
          1.38629  1.38629  1.38629  1.38629
          0.00001 12.59812 12.59812  1.46634  0.26236  1.09861  0.40547
    364   1.65667  1.24996  1.14066  1.59404    364 g - - -
          1.38629  1.38629  1.38629  1.38629
          0.00001 12.59812 12.59812  1.46634  0.26236  1.09861  0.40547
    365   1.68549  1.23675  1.14855  1.57396    365 g - - -
          1.38629  1.38629  1.38629  1.38629
          0.00001 12.59812 12.59812  1.46634  0.26236  1.09861  0.40547
    366   1.68560  1.23264  1.14265  1.58880    366 g - - -
          1.38629  1.38629  1.38629  1.38629
          0.00001 12.59812 12.59812  1.46634  0.26236  1.09861  0.40547
    367   1.66270  1.24093  1.14509  1.59425    367 g - - -
          1.38629  1.38629  1.38629  1.38629
          0.00001 12.59812 12.59812  1.46634  0.26236  1.09861  0.40547
    368   1.66309  1.25372  1.12564  1.60664    368 g - - -
          1.38629  1.38629  1.38629  1.38629
          0.00001 12.59812 12.59812  1.46634  0.26236  1.09861  0.40547
    369   1.66289  1.26391  1.12815  1.58851    369 g - - -
          1.38629  1.38629  1.38629  1.38629
          0.00001 12.59812 12.59812  1.46634  0.26236  1.09861  0.40547
    370   1.64238  1.27197  1.12623  1.59974    370 g - - -
          1.38629  1.38629  1.38629  1.38629
          0.00001 12.59812 12.59812  1.46634  0.26236  1.09861  0.40547
    371   1.65492  1.27815  1.11158  1.60295    371 g - - -
          1.38629  1.38629  1.38629  1.38629
          0.00001 12.59812 12.59812  1.46634  0.26236  1.09861  0.40547
    372   1.66868  1.25298  1.11887  1.61343    372 g - - -
          1.38629  1.38629  1.38629  1.38629
          0.00001 12.59812 12.59812  1.46634  0.26236  1.09861  0.40547
    373   1.65082  1.25193  1.12761  1.61771    373 g - - -
          1.38629  1.38629  1.38629  1.38629
          0.00001 12.59812 12.59812  1.46634  0.26236  1.09861  0.40547
    374   1.66323  1.24670  1.12461  1.61826    374 g - - -
          1.38629  1.38629  1.38629  1.38629
          0.00001 12.59812 12.59812  1.46634  0.26236  1.09861  0.40547
    375   1.67109  1.25293  1.13306  1.58843    375 g - - -
          1.38629  1.38629  1.38629  1.38629
          0.00001 12.59812 12.59812  1.46634  0.26236  1.09861  0.40547
    376   1.69343  1.24530  1.12817  1.58653    376 g - - -
          1.38629  1.38629  1.38629  1.38629
          0.00001 12.59812 12.59812  1.46634  0.26236  1.09861  0.40547
    377   1.65009  1.25788  1.14476  1.58274    377 g - - -
          1.38629  1.38629  1.38629  1.38629
          0.00001 12.59812 12.59812  1.46634  0.26236  1.09861  0.40547
    378   1.64655  1.25463  1.13494  1.60612    378 g - - -
          1.38629  1.38629  1.38629  1.38629
          0.00001 12.59812 12.59812  1.46634  0.26236  1.09861  0.40547
    379   1.66476  1.26219  1.14467  1.56350    379 g - - -
          1.38629  1.38629  1.38629  1.38629
          0.00001 12.59812 12.59812  1.46634  0.26236  1.09861  0.40547
    380   1.64368  1.26578  1.12941  1.60202    380 g - - -
          1.38629  1.38629  1.38629  1.38629
          0.00001 12.59812 12.59812  1.46634  0.26236  1.09861  0.40547
    381   1.63712  1.25923  1.12915  1.61807    381 g - - -
          1.38629  1.38629  1.38629  1.38629
          0.00001 12.59812 12.59812  1.46634  0.26236  1.09861  0.40547
    382   1.63079  1.27629  1.11912  1.61652    382 g - - -
          1.38629  1.38629  1.38629  1.38629
          0.00001 12.59812 12.59812  1.46634  0.26236  1.09861  0.40547
    383   1.66334  1.25215  1.11531  1.62561    383 g - - -
          1.38629  1.38629  1.38629  1.38629
          0.00001 12.59812 12.59812  1.46634  0.26236  1.09861  0.40547
    384   1.66510  1.24894  1.12830  1.60725    384 g - - -
          1.38629  1.38629  1.38629  1.38629
          0.00001 12.59812 12.59812  1.46634  0.26236  1.09861  0.40547
    385   1.67255  1.24699  1.11916  1.61793    385 g - - -
          1.38629  1.38629  1.38629  1.38629
          0.00001 12.59812 12.59812  1.46634  0.26236  1.09861  0.40547
    386   1.67686  1.23857  1.13054  1.60753    386 g - - -
          1.38629  1.38629  1.38629  1.38629
          0.00001 12.59812 12.59812  1.46634  0.26236  1.09861  0.40547
    387   1.66305  1.24006  1.14519  1.59499    387 g - - -
          1.38629  1.38629  1.38629  1.38629
          0.00001 12.59812 12.59812  1.46634  0.26236  1.09861  0.40547
    388   1.67817  1.24332  1.15069  1.56811    388 g - - -
          1.38629  1.38629  1.38629  1.38629
          0.00001 12.59812 12.59812  1.46634  0.26236  1.09861  0.40547
    389   1.65834  1.25665  1.13956  1.58484    389 g - - -
          1.38629  1.38629  1.38629  1.38629
          0.00001 12.59812 12.59812  1.46634  0.26236  1.09861  0.40547
    390   1.66499  1.25061  1.13339  1.59683    390 g - - -
          1.38629  1.38629  1.38629  1.38629
          0.00001 12.59812 12.59812  1.46634  0.26236  1.09861  0.40547
    391   1.64443  1.26343  1.13454  1.59641    391 g - - -
          1.38629  1.38629  1.38629  1.38629
          0.00001 12.59812 12.59812  1.46634  0.26236  1.09861  0.40547
    392   1.68365  1.25129  1.11350  1.61064    392 g - - -
          1.38629  1.38629  1.38629  1.38629
          0.00001 12.59812 12.59812  1.46634  0.26236  1.09861  0.40547
    393   1.66715  1.24823  1.14497  1.58002    393 g - - -
          1.38629  1.38629  1.38629  1.38629
          0.00001 12.59812 12.59812  1.46634  0.26236  1.09861  0.40547
    394   1.68116  1.23871  1.13591  1.59477    394 g - - -
          1.38629  1.38629  1.38629  1.38629
          0.00001 12.59812 12.59812  1.46634  0.26236  1.09861  0.40547
    395   1.67433  1.23998  1.13963  1.59337    395 g - - -
          1.38629  1.38629  1.38629  1.38629
          0.00001 12.59812 12.59812  1.46634  0.26236  1.09861  0.40547
    396   1.66275  1.23771  1.15966  1.57628    396 g - - -
          1.38629  1.38629  1.38629  1.38629
          0.00001 12.59812 12.59812  1.46634  0.26236  1.09861  0.40547
    397   1.69248  1.23175  1.13388  1.59764    397 g - - -
          1.38629  1.38629  1.38629  1.38629
          0.00001 12.59812 12.59812  1.46634  0.26236  1.09861  0.40547
    398   1.66801  1.23641  1.14113  1.60200    398 g - - -
          1.38629  1.38629  1.38629  1.38629
          0.00001 12.59812 12.59812  1.46634  0.26236  1.09861  0.40547
    399   1.67283  1.24948  1.13413  1.58999    399 g - - -
          1.38629  1.38629  1.38629  1.38629
          0.00001 12.59812 12.59812  1.46634  0.26236  1.09861  0.40547
    400   1.67952  1.23431  1.14340  1.59078    400 g - - -
          1.38629  1.38629  1.38629  1.38629
          0.00001 12.59812 12.59812  1.46634  0.26236  1.09861  0.40547
    401   1.66061  1.24650  1.13039  1.61164    401 g - - -
          1.38629  1.38629  1.38629  1.38629
          0.00000 12.59812        *  1.46634  0.26236  0.00000        *
//
