HMMER3/f [3.3.2 | Nov 2020]
NAME  pfalciparum_200
LENG  401
MAXL  401
ALPH  DNA
RF    no
MM    no
CONS  yes
CS    no
MAP   yes
DATE  Tue Oct 15 12:24:15 2024
NSEQ  5597
EFFN  5597.000000
CKSUM 542444692
STATS LOCAL MSV      -16.8707  0.70146
STATS LOCAL VITERBI  -17.0736  0.70146
STATS LOCAL FORWARD   -6.0586  0.70146
HMM          A        C        G        T   
            m->m     m->i     m->d     i->m     i->i     d->m     d->d
  COMPO   0.84507  2.74287  2.59296  0.84098
          1.38629  1.38629  1.38629  1.38629
          0.00004 10.93297 10.93297  1.46634  0.26236  0.00000        *
      1   0.85187  2.73047  2.77472  0.80782      1 t - - -
          1.38629  1.38629  1.38629  1.38629
          0.00004 10.93297 10.93297  1.46634  0.26236  1.09861  0.40547
      2   0.87004  2.82971  2.76407  0.77871      2 t - - -
          1.38629  1.38629  1.38629  1.38629
          0.00004 10.93297 10.93297  1.46634  0.26236  1.09861  0.40547
      3   0.86715  2.87183  2.73430  0.78019      3 t - - -
          1.38629  1.38629  1.38629  1.38629
          0.00004 10.93297 10.93297  1.46634  0.26236  1.09861  0.40547
      4   0.85036  2.85072  2.75463  0.79561      4 t - - -
          1.38629  1.38629  1.38629  1.38629
          0.00004 10.93297 10.93297  1.46634  0.26236  1.09861  0.40547
      5   0.85585  2.86209  2.72672  0.79298      5 t - - -
          1.38629  1.38629  1.38629  1.38629
          0.00004 10.93297 10.93297  1.46634  0.26236  1.09861  0.40547
      6   0.87047  2.77893  2.74573  0.78759      6 t - - -
          1.38629  1.38629  1.38629  1.38629
          0.00004 10.93297 10.93297  1.46634  0.26236  1.09861  0.40547
      7   0.83160  2.74377  2.78929  0.82359      7 t - - -
          1.38629  1.38629  1.38629  1.38629
          0.00004 10.93297 10.93297  1.46634  0.26236  1.09861  0.40547
      8   0.86000  2.81157  2.77008  0.78951      8 t - - -
          1.38629  1.38629  1.38629  1.38629
          0.00004 10.93297 10.93297  1.46634  0.26236  1.09861  0.40547
      9   0.86117  2.74968  2.84505  0.78690      9 t - - -
          1.38629  1.38629  1.38629  1.38629
          0.00004 10.93297 10.93297  1.46634  0.26236  1.09861  0.40547
     10   0.85669  2.79573  2.80319  0.79021     10 t - - -
          1.38629  1.38629  1.38629  1.38629
          0.00004 10.93297 10.93297  1.46634  0.26236  1.09861  0.40547
     11   0.83368  2.81526  2.84700  0.80375     11 t - - -
          1.38629  1.38629  1.38629  1.38629
          0.00004 10.93297 10.93297  1.46634  0.26236  1.09861  0.40547
     12   0.85114  2.67356  2.83796  0.80851     12 t - - -
          1.38629  1.38629  1.38629  1.38629
          0.00004 10.93297 10.93297  1.46634  0.26236  1.09861  0.40547
     13   0.85208  2.83402  2.65218  0.81148     13 t - - -
          1.38629  1.38629  1.38629  1.38629
          0.00004 10.93297 10.93297  1.46634  0.26236  1.09861  0.40547
     14   0.85539  2.83612  2.70474  0.79997     14 t - - -
          1.38629  1.38629  1.38629  1.38629
          0.00004 10.93297 10.93297  1.46634  0.26236  1.09861  0.40547
     15   0.86766  2.73680  2.68001  0.80581     15 t - - -
          1.38629  1.38629  1.38629  1.38629
          0.00004 10.93297 10.93297  1.46634  0.26236  1.09861  0.40547
     16   0.85847  2.69158  2.74691  0.81128     16 t - - -
          1.38629  1.38629  1.38629  1.38629
          0.00004 10.93297 10.93297  1.46634  0.26236  1.09861  0.40547
     17   0.84674  2.77060  2.76885  0.80782     17 t - - -
          1.38629  1.38629  1.38629  1.38629
          0.00004 10.93297 10.93297  1.46634  0.26236  1.09861  0.40547
     18   0.83625  2.73764  2.76091  0.82392     18 t - - -
          1.38629  1.38629  1.38629  1.38629
          0.00004 10.93297 10.93297  1.46634  0.26236  1.09861  0.40547
     19   0.85526  2.73978  2.74597  0.80731     19 t - - -
          1.38629  1.38629  1.38629  1.38629
          0.00004 10.93297 10.93297  1.46634  0.26236  1.09861  0.40547
     20   0.83212  2.77401  2.73232  0.82692     20 t - - -
          1.38629  1.38629  1.38629  1.38629
          0.00004 10.93297 10.93297  1.46634  0.26236  1.09861  0.40547
     21   0.84824  2.78360  2.77432  0.80380     21 t - - -
          1.38629  1.38629  1.38629  1.38629
          0.00004 10.93297 10.93297  1.46634  0.26236  1.09861  0.40547
     22   0.86270  2.75512  2.73806  0.79922     22 t - - -
          1.38629  1.38629  1.38629  1.38629
          0.00004 10.93297 10.93297  1.46634  0.26236  1.09861  0.40547
     23   0.84270  2.80462  2.71856  0.81429     23 t - - -
          1.38629  1.38629  1.38629  1.38629
          0.00004 10.93297 10.93297  1.46634  0.26236  1.09861  0.40547
     24   0.85763  2.74895  2.66645  0.81568     24 t - - -
          1.38629  1.38629  1.38629  1.38629
          0.00004 10.93297 10.93297  1.46634  0.26236  1.09861  0.40547
     25   0.84151  2.72477  2.70711  0.82862     25 t - - -
          1.38629  1.38629  1.38629  1.38629
          0.00004 10.93297 10.93297  1.46634  0.26236  1.09861  0.40547
     26   0.85354  2.80880  2.71755  0.80345     26 t - - -
          1.38629  1.38629  1.38629  1.38629
          0.00004 10.93297 10.93297  1.46634  0.26236  1.09861  0.40547
     27   0.84452  2.79474  2.74743  0.80965     27 t - - -
          1.38629  1.38629  1.38629  1.38629
          0.00004 10.93297 10.93297  1.46634  0.26236  1.09861  0.40547
     28   0.86327  2.76276  2.64821  0.81120     28 t - - -
          1.38629  1.38629  1.38629  1.38629
          0.00004 10.93297 10.93297  1.46634  0.26236  1.09861  0.40547
     29   0.84696  2.82885  2.75864  0.80113     29 t - - -
          1.38629  1.38629  1.38629  1.38629
          0.00004 10.93297 10.93297  1.46634  0.26236  1.09861  0.40547
     30   0.87186  2.80756  2.75072  0.78177     30 t - - -
          1.38629  1.38629  1.38629  1.38629
          0.00004 10.93297 10.93297  1.46634  0.26236  1.09861  0.40547
     31   0.84576  2.83343  2.63946  0.81972     31 t - - -
          1.38629  1.38629  1.38629  1.38629
          0.00004 10.93297 10.93297  1.46634  0.26236  1.09861  0.40547
     32   0.85898  2.67896  2.81869  0.80277     32 t - - -
          1.38629  1.38629  1.38629  1.38629
          0.00004 10.93297 10.93297  1.46634  0.26236  1.09861  0.40547
     33   0.84735  2.71916  2.76705  0.81492     33 t - - -
          1.38629  1.38629  1.38629  1.38629
          0.00004 10.93297 10.93297  1.46634  0.26236  1.09861  0.40547
     34   0.82579  2.88393  2.77303  0.81255     34 t - - -
          1.38629  1.38629  1.38629  1.38629
          0.00004 10.93297 10.93297  1.46634  0.26236  1.09861  0.40547
     35   0.86449  2.80119  2.76828  0.78696     35 t - - -
          1.38629  1.38629  1.38629  1.38629
          0.00004 10.93297 10.93297  1.46634  0.26236  1.09861  0.40547
     36   0.83996  2.75794  2.81393  0.80995     36 t - - -
          1.38629  1.38629  1.38629  1.38629
          0.00004 10.93297 10.93297  1.46634  0.26236  1.09861  0.40547
     37   0.86406  2.66222  2.67963  0.82059     37 t - - -
          1.38629  1.38629  1.38629  1.38629
          0.00004 10.93297 10.93297  1.46634  0.26236  1.09861  0.40547
     38   0.81387  2.78790  2.79771  0.83388     38 a - - -
          1.38629  1.38629  1.38629  1.38629
          0.00004 10.93297 10.93297  1.46634  0.26236  1.09861  0.40547
     39   0.87364  2.73322  2.72644  0.79384     39 t - - -
          1.38629  1.38629  1.38629  1.38629
          0.00004 10.93297 10.93297  1.46634  0.26236  1.09861  0.40547
     40   0.84118  2.67574  2.72712  0.83348     40 t - - -
          1.38629  1.38629  1.38629  1.38629
          0.00004 10.93297 10.93297  1.46634  0.26236  1.09861  0.40547
     41   0.85171  2.78517  2.73514  0.80584     41 t - - -
          1.38629  1.38629  1.38629  1.38629
          0.00004 10.93297 10.93297  1.46634  0.26236  1.09861  0.40547
     42   0.84503  2.81433  2.77988  0.80193     42 t - - -
          1.38629  1.38629  1.38629  1.38629
          0.00004 10.93297 10.93297  1.46634  0.26236  1.09861  0.40547
     43   0.85356  2.80991  2.71695  0.80337     43 t - - -
          1.38629  1.38629  1.38629  1.38629
          0.00004 10.93297 10.93297  1.46634  0.26236  1.09861  0.40547
     44   0.85876  2.66579  2.77024  0.81166     44 t - - -
          1.38629  1.38629  1.38629  1.38629
          0.00004 10.93297 10.93297  1.46634  0.26236  1.09861  0.40547
     45   0.83536  2.76790  2.75971  0.82058     45 t - - -
          1.38629  1.38629  1.38629  1.38629
          0.00004 10.93297 10.93297  1.46634  0.26236  1.09861  0.40547
     46   0.85447  2.76124  2.71189  0.80998     46 t - - -
          1.38629  1.38629  1.38629  1.38629
          0.00004 10.93297 10.93297  1.46634  0.26236  1.09861  0.40547
     47   0.84184  2.78608  2.80026  0.80603     47 t - - -
          1.38629  1.38629  1.38629  1.38629
          0.00004 10.93297 10.93297  1.46634  0.26236  1.09861  0.40547
     48   0.86831  2.74863  2.70046  0.80040     48 t - - -
          1.38629  1.38629  1.38629  1.38629
          0.00004 10.93297 10.93297  1.46634  0.26236  1.09861  0.40547
     49   0.82443  2.80496  2.77383  0.82421     49 t - - -
          1.38629  1.38629  1.38629  1.38629
          0.00004 10.93297 10.93297  1.46634  0.26236  1.09861  0.40547
     50   0.86170  2.81716  2.77107  0.78705     50 t - - -
          1.38629  1.38629  1.38629  1.38629
          0.00004 10.93297 10.93297  1.46634  0.26236  1.09861  0.40547
     51   0.84039  2.69833  2.76200  0.82560     51 t - - -
          1.38629  1.38629  1.38629  1.38629
          0.00004 10.93297 10.93297  1.46634  0.26236  1.09861  0.40547
     52   0.85814  2.85075  2.68871  0.79789     52 t - - -
          1.38629  1.38629  1.38629  1.38629
          0.00004 10.93297 10.93297  1.46634  0.26236  1.09861  0.40547
     53   0.83677  2.85249  2.76800  0.80653     53 t - - -
          1.38629  1.38629  1.38629  1.38629
          0.00004 10.93297 10.93297  1.46634  0.26236  1.09861  0.40547
     54   0.83978  2.72326  2.75341  0.82366     54 t - - -
          1.38629  1.38629  1.38629  1.38629
          0.00004 10.93297 10.93297  1.46634  0.26236  1.09861  0.40547
     55   0.87761  2.70978  2.78296  0.78566     55 t - - -
          1.38629  1.38629  1.38629  1.38629
          0.00004 10.93297 10.93297  1.46634  0.26236  1.09861  0.40547
     56   0.85450  2.73442  2.76791  0.80569     56 t - - -
          1.38629  1.38629  1.38629  1.38629
          0.00004 10.93297 10.93297  1.46634  0.26236  1.09861  0.40547
     57   0.84743  2.81022  2.79820  0.79767     57 t - - -
          1.38629  1.38629  1.38629  1.38629
          0.00004 10.93297 10.93297  1.46634  0.26236  1.09861  0.40547
     58   0.85165  2.70681  2.76379  0.81308     58 t - - -
          1.38629  1.38629  1.38629  1.38629
          0.00004 10.93297 10.93297  1.46634  0.26236  1.09861  0.40547
     59   0.83523  2.73005  2.65196  0.84281     59 a - - -
          1.38629  1.38629  1.38629  1.38629
          0.00004 10.93297 10.93297  1.46634  0.26236  1.09861  0.40547
     60   0.87416  2.77055  2.68604  0.79405     60 t - - -
          1.38629  1.38629  1.38629  1.38629
          0.00004 10.93297 10.93297  1.46634  0.26236  1.09861  0.40547
     61   0.81876  2.75581  2.78867  0.83480     61 a - - -
          1.38629  1.38629  1.38629  1.38629
          0.00004 10.93297 10.93297  1.46634  0.26236  1.09861  0.40547
     62   0.86423  2.71597  2.76552  0.79953     62 t - - -
          1.38629  1.38629  1.38629  1.38629
          0.00004 10.93297 10.93297  1.46634  0.26236  1.09861  0.40547
     63   0.82972  2.78097  2.83771  0.81353     63 t - - -
          1.38629  1.38629  1.38629  1.38629
          0.00004 10.93297 10.93297  1.46634  0.26236  1.09861  0.40547
     64   0.90022  2.70468  2.74646  0.77117     64 t - - -
          1.38629  1.38629  1.38629  1.38629
          0.00004 10.93297 10.93297  1.46634  0.26236  1.09861  0.40547
     65   0.84487  2.78389  2.73136  0.81315     65 t - - -
          1.38629  1.38629  1.38629  1.38629
          0.00004 10.93297 10.93297  1.46634  0.26236  1.09861  0.40547
     66   0.86373  2.72003  2.80943  0.79340     66 t - - -
          1.38629  1.38629  1.38629  1.38629
          0.00004 10.93297 10.93297  1.46634  0.26236  1.09861  0.40547
     67   0.82739  2.82645  2.72855  0.82491     67 t - - -
          1.38629  1.38629  1.38629  1.38629
          0.00004 10.93297 10.93297  1.46634  0.26236  1.09861  0.40547
     68   0.85740  2.81359  2.75654  0.79355     68 t - - -
          1.38629  1.38629  1.38629  1.38629
          0.00004 10.93297 10.93297  1.46634  0.26236  1.09861  0.40547
     69   0.85660  2.81985  2.67814  0.80499     69 t - - -
          1.38629  1.38629  1.38629  1.38629
          0.00004 10.93297 10.93297  1.46634  0.26236  1.09861  0.40547
     70   0.84288  2.77691  2.76205  0.81162     70 t - - -
          1.38629  1.38629  1.38629  1.38629
          0.00004 10.93297 10.93297  1.46634  0.26236  1.09861  0.40547
     71   0.84889  2.76782  2.74303  0.80982     71 t - - -
          1.38629  1.38629  1.38629  1.38629
          0.00004 10.93297 10.93297  1.46634  0.26236  1.09861  0.40547
     72   0.83504  2.77705  2.77813  0.81698     72 t - - -
          1.38629  1.38629  1.38629  1.38629
          0.00004 10.93297 10.93297  1.46634  0.26236  1.09861  0.40547
     73   0.85165  2.74214  2.80990  0.80152     73 t - - -
          1.38629  1.38629  1.38629  1.38629
          0.00004 10.93297 10.93297  1.46634  0.26236  1.09861  0.40547
     74   0.85979  2.74908  2.65017  0.81617     74 t - - -
          1.38629  1.38629  1.38629  1.38629
          0.00004 10.93297 10.93297  1.46634  0.26236  1.09861  0.40547
     75   0.85745  2.73001  2.67468  0.81733     75 t - - -
          1.38629  1.38629  1.38629  1.38629
          0.00004 10.93297 10.93297  1.46634  0.26236  1.09861  0.40547
     76   0.83477  2.70331  2.75306  0.83170     76 t - - -
          1.38629  1.38629  1.38629  1.38629
          0.00004 10.93297 10.93297  1.46634  0.26236  1.09861  0.40547
     77   0.82621  2.71935  2.77122  0.83519     77 a - - -
          1.38629  1.38629  1.38629  1.38629
          0.00004 10.93297 10.93297  1.46634  0.26236  1.09861  0.40547
     78   0.87809  2.72108  2.67524  0.79911     78 t - - -
          1.38629  1.38629  1.38629  1.38629
          0.00004 10.93297 10.93297  1.46634  0.26236  1.09861  0.40547
     79   0.84258  2.82127  2.76550  0.80536     79 t - - -
          1.38629  1.38629  1.38629  1.38629
          0.00004 10.93297 10.93297  1.46634  0.26236  1.09861  0.40547
     80   0.85530  2.71326  2.73765  0.81238     80 t - - -
          1.38629  1.38629  1.38629  1.38629
          0.00004 10.93297 10.93297  1.46634  0.26236  1.09861  0.40547
     81   0.85450  2.71740  2.80299  0.80334     81 t - - -
          1.38629  1.38629  1.38629  1.38629
          0.00004 10.93297 10.93297  1.46634  0.26236  1.09861  0.40547
     82   0.83828  2.81630  2.82298  0.80231     82 t - - -
          1.38629  1.38629  1.38629  1.38629
          0.00004 10.93297 10.93297  1.46634  0.26236  1.09861  0.40547
     83   0.85216  2.80295  2.71004  0.80667     83 t - - -
          1.38629  1.38629  1.38629  1.38629
          0.00004 10.93297 10.93297  1.46634  0.26236  1.09861  0.40547
     84   0.86567  2.80337  2.76035  0.78668     84 t - - -
          1.38629  1.38629  1.38629  1.38629
          0.00004 10.93297 10.93297  1.46634  0.26236  1.09861  0.40547
     85   0.83262  2.71923  2.78921  0.82623     85 t - - -
          1.38629  1.38629  1.38629  1.38629
          0.00004 10.93297 10.93297  1.46634  0.26236  1.09861  0.40547
     86   0.88019  2.75624  2.68178  0.79115     86 t - - -
          1.38629  1.38629  1.38629  1.38629
          0.00004 10.93297 10.93297  1.46634  0.26236  1.09861  0.40547
     87   0.83041  2.63726  2.78945  0.84137     87 a - - -
          1.38629  1.38629  1.38629  1.38629
          0.00004 10.93297 10.93297  1.46634  0.26236  1.09861  0.40547
     88   0.86338  2.67853  2.76950  0.80540     88 t - - -
          1.38629  1.38629  1.38629  1.38629
          0.00004 10.93297 10.93297  1.46634  0.26236  1.09861  0.40547
     89   0.84650  2.75171  2.75015  0.81340     89 t - - -
          1.38629  1.38629  1.38629  1.38629
          0.00004 10.93297 10.93297  1.46634  0.26236  1.09861  0.40547
     90   0.86747  2.71330  2.73326  0.80148     90 t - - -
          1.38629  1.38629  1.38629  1.38629
          0.00004 10.93297 10.93297  1.46634  0.26236  1.09861  0.40547
     91   0.84520  2.67600  2.76279  0.82423     91 t - - -
          1.38629  1.38629  1.38629  1.38629
          0.00004 10.93297 10.93297  1.46634  0.26236  1.09861  0.40547
     92   0.87092  2.72577  2.74695  0.79448     92 t - - -
          1.38629  1.38629  1.38629  1.38629
          0.00004 10.93297 10.93297  1.46634  0.26236  1.09861  0.40547
     93   0.85962  2.75542  2.71549  0.80537     93 t - - -
          1.38629  1.38629  1.38629  1.38629
          0.00004 10.93297 10.93297  1.46634  0.26236  1.09861  0.40547
     94   0.84353  2.70960  2.83963  0.81013     94 t - - -
          1.38629  1.38629  1.38629  1.38629
          0.00004 10.93297 10.93297  1.46634  0.26236  1.09861  0.40547
     95   0.82488  2.75169  2.81116  0.82609     95 a - - -
          1.38629  1.38629  1.38629  1.38629
          0.00004 10.93297 10.93297  1.46634  0.26236  1.09861  0.40547
     96   0.85643  2.72953  2.80546  0.79940     96 t - - -
          1.38629  1.38629  1.38629  1.38629
          0.00004 10.93297 10.93297  1.46634  0.26236  1.09861  0.40547
     97   0.85719  2.73114  2.71511  0.81124     97 t - - -
          1.38629  1.38629  1.38629  1.38629
          0.00004 10.93297 10.93297  1.46634  0.26236  1.09861  0.40547
     98   0.87297  2.70011  2.71381  0.80115     98 t - - -
          1.38629  1.38629  1.38629  1.38629
          0.00004 10.93297 10.93297  1.46634  0.26236  1.09861  0.40547
     99   0.85042  2.76806  2.72703  0.81066     99 t - - -
          1.38629  1.38629  1.38629  1.38629
          0.00004 10.93297 10.93297  1.46634  0.26236  1.09861  0.40547
    100   0.85509  2.78369  2.70799  0.80682    100 t - - -
          1.38629  1.38629  1.38629  1.38629
          0.00004 10.93297 10.93297  1.46634  0.26236  1.09861  0.40547
    101   0.84806  2.76822  2.81320  0.80080    101 t - - -
          1.38629  1.38629  1.38629  1.38629
          0.00004 10.93297 10.93297  1.46634  0.26236  1.09861  0.40547
    102   0.88042  2.76729  2.70328  0.78620    102 t - - -
          1.38629  1.38629  1.38629  1.38629
          0.00004 10.93297 10.93297  1.46634  0.26236  1.09861  0.40547
    103   0.84306  2.86294  2.68666  0.81103    103 t - - -
          1.38629  1.38629  1.38629  1.38629
          0.00004 10.93297 10.93297  1.46634  0.26236  1.09861  0.40547
    104   0.85987  2.78436  2.79088  0.79044    104 t - - -
          1.38629  1.38629  1.38629  1.38629
          0.00004 10.93297 10.93297  1.46634  0.26236  1.09861  0.40547
    105   0.85244  2.75504  2.76151  0.80559    105 t - - -
          1.38629  1.38629  1.38629  1.38629
          0.00004 10.93297 10.93297  1.46634  0.26236  1.09861  0.40547
    106   0.84423  2.66769  2.81576  0.81907    106 t - - -
          1.38629  1.38629  1.38629  1.38629
          0.00004 10.93297 10.93297  1.46634  0.26236  1.09861  0.40547
    107   0.85969  2.76827  2.85495  0.78444    107 t - - -
          1.38629  1.38629  1.38629  1.38629
          0.00004 10.93297 10.93297  1.46634  0.26236  1.09861  0.40547
    108   0.89302  2.74578  2.73578  0.77319    108 t - - -
          1.38629  1.38629  1.38629  1.38629
          0.00004 10.93297 10.93297  1.46634  0.26236  1.09861  0.40547
    109   0.84996  2.78751  2.77507  0.80152    109 t - - -
          1.38629  1.38629  1.38629  1.38629
          0.00004 10.93297 10.93297  1.46634  0.26236  1.09861  0.40547
    110   0.88989  2.87942  2.71609  0.76143    110 t - - -
          1.38629  1.38629  1.38629  1.38629
          0.00004 10.93297 10.93297  1.46634  0.26236  1.09861  0.40547
    111   0.86210  2.85035  2.72013  0.78958    111 t - - -
          1.38629  1.38629  1.38629  1.38629
          0.00004 10.93297 10.93297  1.46634  0.26236  1.09861  0.40547
    112   0.84460  2.79494  2.84193  0.79665    112 t - - -
          1.38629  1.38629  1.38629  1.38629
          0.00004 10.93297 10.93297  1.46634  0.26236  1.09861  0.40547
    113   0.88335  2.75537  2.75831  0.77736    113 t - - -
          1.38629  1.38629  1.38629  1.38629
          0.00004 10.93297 10.93297  1.46634  0.26236  1.09861  0.40547
    114   0.83261  2.79586  2.74371  0.82168    114 t - - -
          1.38629  1.38629  1.38629  1.38629
          0.00004 10.93297 10.93297  1.46634  0.26236  1.09861  0.40547
    115   0.86334  2.79734  2.73073  0.79384    115 t - - -
          1.38629  1.38629  1.38629  1.38629
          0.00004 10.93297 10.93297  1.46634  0.26236  1.09861  0.40547
    116   0.85171  2.82390  2.77393  0.79512    116 t - - -
          1.38629  1.38629  1.38629  1.38629
          0.00004 10.93297 10.93297  1.46634  0.26236  1.09861  0.40547
    117   0.85086  2.80659  2.82117  0.79185    117 t - - -
          1.38629  1.38629  1.38629  1.38629
          0.00004 10.93297 10.93297  1.46634  0.26236  1.09861  0.40547
    118   0.88835  2.74079  2.75938  0.77476    118 t - - -
          1.38629  1.38629  1.38629  1.38629
          0.00004 10.93297 10.93297  1.46634  0.26236  1.09861  0.40547
    119   0.85553  2.79517  2.81545  0.78975    119 t - - -
          1.38629  1.38629  1.38629  1.38629
          0.00004 10.93297 10.93297  1.46634  0.26236  1.09861  0.40547
    120   0.84211  2.79960  2.76787  0.80840    120 t - - -
          1.38629  1.38629  1.38629  1.38629
          0.00004 10.93297 10.93297  1.46634  0.26236  1.09861  0.40547
    121   0.86139  2.77774  2.81256  0.78703    121 t - - -
          1.38629  1.38629  1.38629  1.38629
          0.00004 10.93297 10.93297  1.46634  0.26236  1.09861  0.40547
    122   0.87678  2.74255  2.73818  0.78793    122 t - - -
          1.38629  1.38629  1.38629  1.38629
          0.00004 10.93297 10.93297  1.46634  0.26236  1.09861  0.40547
    123   0.85571  2.82002  2.77478  0.79175    123 t - - -
          1.38629  1.38629  1.38629  1.38629
          0.00004 10.93297 10.93297  1.46634  0.26236  1.09861  0.40547
    124   0.87557  2.69074  2.83648  0.78326    124 t - - -
          1.38629  1.38629  1.38629  1.38629
          0.00004 10.93297 10.93297  1.46634  0.26236  1.09861  0.40547
    125   0.85486  2.77087  2.86012  0.78792    125 t - - -
          1.38629  1.38629  1.38629  1.38629
          0.00004 10.93297 10.93297  1.46634  0.26236  1.09861  0.40547
    126   0.83085  2.82912  2.76821  0.81535    126 t - - -
          1.38629  1.38629  1.38629  1.38629
          0.00004 10.93297 10.93297  1.46634  0.26236  1.09861  0.40547
    127   0.84840  2.76884  2.86017  0.79428    127 t - - -
          1.38629  1.38629  1.38629  1.38629
          0.00004 10.93297 10.93297  1.46634  0.26236  1.09861  0.40547
    128   0.84512  2.75015  2.89271  0.79595    128 t - - -
          1.38629  1.38629  1.38629  1.38629
          0.00004 10.93297 10.93297  1.46634  0.26236  1.09861  0.40547
    129   0.86329  2.78478  2.74374  0.79373    129 t - - -
          1.38629  1.38629  1.38629  1.38629
          0.00004 10.93297 10.93297  1.46634  0.26236  1.09861  0.40547
    130   0.85404  2.77582  2.85135  0.78912    130 t - - -
          1.38629  1.38629  1.38629  1.38629
          0.00004 10.93297 10.93297  1.46634  0.26236  1.09861  0.40547
    131   0.85582  2.71509  2.91732  0.78792    131 t - - -
          1.38629  1.38629  1.38629  1.38629
          0.00004 10.93297 10.93297  1.46634  0.26236  1.09861  0.40547
    132   0.84542  2.68969  2.82484  0.81328    132 t - - -
          1.38629  1.38629  1.38629  1.38629
          0.00004 10.93297 10.93297  1.46634  0.26236  1.09861  0.40547
    133   0.85097  2.79607  2.86236  0.78786    133 t - - -
          1.38629  1.38629  1.38629  1.38629
          0.00004 10.93297 10.93297  1.46634  0.26236  1.09861  0.40547
    134   0.83280  2.72535  2.83980  0.81824    134 t - - -
          1.38629  1.38629  1.38629  1.38629
          0.00004 10.93297 10.93297  1.46634  0.26236  1.09861  0.40547
    135   0.88062  2.73719  2.90078  0.76413    135 t - - -
          1.38629  1.38629  1.38629  1.38629
          0.00004 10.93297 10.93297  1.46634  0.26236  1.09861  0.40547
    136   0.87112  2.74702  2.91852  0.76920    136 t - - -
          1.38629  1.38629  1.38629  1.38629
          0.00004 10.93297 10.93297  1.46634  0.26236  1.09861  0.40547
    137   0.86815  2.69735  2.98756  0.77115    137 t - - -
          1.38629  1.38629  1.38629  1.38629
          0.00004 10.93297 10.93297  1.46634  0.26236  1.09861  0.40547
    138   0.88256  2.77555  2.81550  0.76768    138 t - - -
          1.38629  1.38629  1.38629  1.38629
          0.00004 10.93297 10.93297  1.46634  0.26236  1.09861  0.40547
    139   0.85848  2.82246  2.83815  0.78044    139 t - - -
          1.38629  1.38629  1.38629  1.38629
          0.00004 10.93297 10.93297  1.46634  0.26236  1.09861  0.40547
    140   0.86249  2.69672  2.85963  0.79148    140 t - - -
          1.38629  1.38629  1.38629  1.38629
          0.00004 10.93297 10.93297  1.46634  0.26236  1.09861  0.40547
    141   0.87856  2.76160  2.91706  0.76071    141 t - - -
          1.38629  1.38629  1.38629  1.38629
          0.00004 10.93297 10.93297  1.46634  0.26236  1.09861  0.40547
    142   0.89898  2.68088  2.83123  0.76448    142 t - - -
          1.38629  1.38629  1.38629  1.38629
          0.00004 10.93297 10.93297  1.46634  0.26236  1.09861  0.40547
    143   0.89728  2.78090  2.76007  0.76132    143 t - - -
          1.38629  1.38629  1.38629  1.38629
          0.00004 10.93297 10.93297  1.46634  0.26236  1.09861  0.40547
    144   0.88759  2.78343  2.91334  0.75028    144 t - - -
          1.38629  1.38629  1.38629  1.38629
          0.00004 10.93297 10.93297  1.46634  0.26236  1.09861  0.40547
    145   0.89352  2.74713  2.83323  0.75960    145 t - - -
          1.38629  1.38629  1.38629  1.38629
          0.00004 10.93297 10.93297  1.46634  0.26236  1.09861  0.40547
    146   0.87258  2.72988  2.83930  0.77994    146 t - - -
          1.38629  1.38629  1.38629  1.38629
          0.00004 10.93297 10.93297  1.46634  0.26236  1.09861  0.40547
    147   0.87751  2.76820  2.86092  0.76746    147 t - - -
          1.38629  1.38629  1.38629  1.38629
          0.00004 10.93297 10.93297  1.46634  0.26236  1.09861  0.40547
    148   0.86995  2.74484  2.81494  0.78337    148 t - - -
          1.38629  1.38629  1.38629  1.38629
          0.00004 10.93297 10.93297  1.46634  0.26236  1.09861  0.40547
    149   0.84055  2.76730  2.89385  0.79777    149 t - - -
          1.38629  1.38629  1.38629  1.38629
          0.00004 10.93297 10.93297  1.46634  0.26236  1.09861  0.40547
    150   0.88765  2.78168  2.84675  0.75841    150 t - - -
          1.38629  1.38629  1.38629  1.38629
          0.00004 10.93297 10.93297  1.46634  0.26236  1.09861  0.40547
    151   0.85677  2.83413  2.92014  0.77052    151 t - - -
          1.38629  1.38629  1.38629  1.38629
          0.00004 10.93297 10.93297  1.46634  0.26236  1.09861  0.40547
    152   0.87126  2.87054  2.91180  0.75389    152 t - - -
          1.38629  1.38629  1.38629  1.38629
          0.00004 10.93297 10.93297  1.46634  0.26236  1.09861  0.40547
    153   0.87606  2.74861  2.93497  0.76264    153 t - - -
          1.38629  1.38629  1.38629  1.38629
          0.00004 10.93297 10.93297  1.46634  0.26236  1.09861  0.40547
    154   0.87947  2.88943  2.79213  0.75907    154 t - - -
          1.38629  1.38629  1.38629  1.38629
          0.00004 10.93297 10.93297  1.46634  0.26236  1.09861  0.40547
    155   0.84829  2.82949  2.93167  0.77761    155 t - - -
          1.38629  1.38629  1.38629  1.38629
          0.00004 10.93297 10.93297  1.46634  0.26236  1.09861  0.40547
    156   0.85930  2.79620  2.88757  0.77699    156 t - - -
          1.38629  1.38629  1.38629  1.38629
          0.00004 10.93297 10.93297  1.46634  0.26236  1.09861  0.40547
    157   0.87097  2.80436  2.89757  0.76411    157 t - - -
          1.38629  1.38629  1.38629  1.38629
          0.00004 10.93297 10.93297  1.46634  0.26236  1.09861  0.40547
    158   0.83408  2.90081  2.94077  0.78105    158 t - - -
          1.38629  1.38629  1.38629  1.38629
          0.00004 10.93297 10.93297  1.46634  0.26236  1.09861  0.40547
    159   0.84245  2.98652  2.86902  0.77192    159 t - - -
          1.38629  1.38629  1.38629  1.38629
          0.00004 10.93297 10.93297  1.46634  0.26236  1.09861  0.40547
    160   0.81392  3.04953  2.89851  0.78879    160 t - - -
          1.38629  1.38629  1.38629  1.38629
          0.00004 10.93297 10.93297  1.46634  0.26236  1.09861  0.40547
    161   0.82683  3.06171  2.98011  0.76578    161 t - - -
          1.38629  1.38629  1.38629  1.38629
          0.00004 10.93297 10.93297  1.46634  0.26236  1.09861  0.40547
    162   0.80084  3.09076  2.97930  0.78800    162 t - - -
          1.38629  1.38629  1.38629  1.38629
          0.00004 10.93297 10.93297  1.46634  0.26236  1.09861  0.40547
    163   0.79838  3.15533  3.06771  0.77481    163 t - - -
          1.38629  1.38629  1.38629  1.38629
          0.00004 10.93297 10.93297  1.46634  0.26236  1.09861  0.40547
    164   0.75301  3.26251  3.26226  0.79306    164 a - - -
          1.38629  1.38629  1.38629  1.38629
          0.00004 10.93297 10.93297  1.46634  0.26236  1.09861  0.40547
    165   0.76418  3.38702  3.25584  0.77235    165 a - - -
          1.38629  1.38629  1.38629  1.38629
          0.00004 10.93297 10.93297  1.46634  0.26236  1.09861  0.40547
    166   0.76313  3.53682  3.28849  0.76061    166 t - - -
          1.38629  1.38629  1.38629  1.38629
          0.00004 10.93297 10.93297  1.46634  0.26236  1.09861  0.40547
    167   0.74622  3.55823  3.58154  0.75604    167 a - - -
          1.38629  1.38629  1.38629  1.38629
          0.00004 10.93297 10.93297  1.46634  0.26236  1.09861  0.40547
    168   0.76630  3.56468  3.44535  0.74429    168 t - - -
          1.38629  1.38629  1.38629  1.38629
          0.00004 10.93297 10.93297  1.46634  0.26236  1.09861  0.40547
    169   0.80013  3.62423  3.50927  0.70493    169 t - - -
          1.38629  1.38629  1.38629  1.38629
          0.00004 10.93297 10.93297  1.46634  0.26236  1.09861  0.40547
    170   0.80493  3.64259  3.59891  0.69447    170 t - - -
          1.38629  1.38629  1.38629  1.38629
          0.00004 10.93297 10.93297  1.46634  0.26236  1.09861  0.40547
    171   0.85423  3.58094  3.53780  0.65882    171 t - - -
          1.38629  1.38629  1.38629  1.38629
          0.00004 10.93297 10.93297  1.46634  0.26236  1.09861  0.40547
    172   0.95321  3.39265  3.55720  0.59355    172 t - - -
          1.38629  1.38629  1.38629  1.38629
          0.00004 10.93297 10.93297  1.46634  0.26236  1.09861  0.40547
    173   0.96714  3.26521  3.40135  0.60091    173 t - - -
          1.38629  1.38629  1.38629  1.38629
          0.00004 10.93297 10.93297  1.46634  0.26236  1.09861  0.40547
    174   1.02514  3.19599  3.55726  0.55894    174 t - - -
          1.38629  1.38629  1.38629  1.38629
          0.00004 10.93297 10.93297  1.46634  0.26236  1.09861  0.40547
    175   1.00214  3.32834  3.31306  0.57866    175 t - - -
          1.38629  1.38629  1.38629  1.38629
          0.00004 10.93297 10.93297  1.46634  0.26236  1.09861  0.40547
    176   1.02844  3.25124  3.30766  0.56721    176 t - - -
          1.38629  1.38629  1.38629  1.38629
          0.00004 10.93297 10.93297  1.46634  0.26236  1.09861  0.40547
    177   0.98601  3.09105  3.23751  0.61208    177 t - - -
          1.38629  1.38629  1.38629  1.38629
          0.00004 10.93297 10.93297  1.46634  0.26236  1.09861  0.40547
    178   1.06217  3.12507  3.30426  0.55576    178 t - - -
          1.38629  1.38629  1.38629  1.38629
          0.00004 10.93297 10.93297  1.46634  0.26236  1.09861  0.40547
    179   0.99803  3.08945  3.28302  0.60084    179 t - - -
          1.38629  1.38629  1.38629  1.38629
          0.00004 10.93297 10.93297  1.46634  0.26236  1.09861  0.40547
    180   1.07339  3.00381  3.13477  0.57085    180 t - - -
          1.38629  1.38629  1.38629  1.38629
          0.00004 10.93297 10.93297  1.46634  0.26236  1.09861  0.40547
    181   0.98716  3.01244  3.14500  0.62525    181 t - - -
          1.38629  1.38629  1.38629  1.38629
          0.00004 10.93297 10.93297  1.46634  0.26236  1.09861  0.40547
    182   1.07355  2.89591  3.05845  0.58699    182 t - - -
          1.38629  1.38629  1.38629  1.38629
          0.00004 10.93297 10.93297  1.46634  0.26236  1.09861  0.40547
    183   1.01848  2.81306  3.06261  0.63098    183 t - - -
          1.38629  1.38629  1.38629  1.38629
          0.00004 10.93297 10.93297  1.46634  0.26236  1.09861  0.40547
    184   1.05074  2.89498  3.04594  0.60245    184 t - - -
          1.38629  1.38629  1.38629  1.38629
          0.00004 10.93297 10.93297  1.46634  0.26236  1.09861  0.40547
    185   0.96739  2.84177  2.95394  0.67438    185 t - - -
          1.38629  1.38629  1.38629  1.38629
          0.00004 10.93297 10.93297  1.46634  0.26236  1.09861  0.40547
    186   1.02043  2.92364  3.06287  0.61791    186 t - - -
          1.38629  1.38629  1.38629  1.38629
          0.00004 10.93297 10.93297  1.46634  0.26236  1.09861  0.40547
    187   0.92701  2.95473  3.13505  0.67595    187 t - - -
          1.38629  1.38629  1.38629  1.38629
          0.00004 10.93297 10.93297  1.46634  0.26236  1.09861  0.40547
    188   1.04248  3.03130  3.18330  0.58390    188 t - - -
          1.38629  1.38629  1.38629  1.38629
          0.00004 10.93297 10.93297  1.46634  0.26236  1.09861  0.40547
    189   0.93809  2.95931  3.21183  0.66071    189 t - - -
          1.38629  1.38629  1.38629  1.38629
          0.00004 10.93297 10.93297  1.46634  0.26236  1.09861  0.40547
    190   1.05544  3.07654  3.08866  0.57932    190 t - - -
          1.38629  1.38629  1.38629  1.38629
          0.00004 10.93297 10.93297  1.46634  0.26236  1.09861  0.40547
    191   0.93255  2.98003  3.24239  0.66051    191 t - - -
          1.38629  1.38629  1.38629  1.38629
          0.00004 10.93297 10.93297  1.46634  0.26236  1.09861  0.40547
    192   1.06842  3.09131  3.19416  0.56211    192 t - - -
          1.38629  1.38629  1.38629  1.38629
          0.00004 10.93297 10.93297  1.46634  0.26236  1.09861  0.40547
    193   0.91071  3.08911  3.24434  0.66704    193 t - - -
          1.38629  1.38629  1.38629  1.38629
          0.00004 10.93297 10.93297  1.46634  0.26236  1.09861  0.40547
    194   1.03797  3.04337  3.18965  0.58525    194 t - - -
          1.38629  1.38629  1.38629  1.38629
          0.00004 10.93297 10.93297  1.46634  0.26236  1.09861  0.40547
    195   0.90621  2.93005  3.40374  0.67471    195 t - - -
          1.38629  1.38629  1.38629  1.38629
          0.00004 10.93297 10.93297  1.46634  0.26236  1.09861  0.40547
    196   1.11566  2.90418  3.25497  0.54658    196 t - - -
          1.38629  1.38629  1.38629  1.38629
          0.00004 10.93297 10.93297  1.46634  0.26236  1.09861  0.40547
    197   0.99230  3.57187  2.86224  0.60875    197 t - - -
          1.38629  1.38629  1.38629  1.38629
          0.00004 10.93297 10.93297  1.46634  0.26236  1.09861  0.40547
    198   1.23626  3.26356  3.02699  0.47350    198 t - - -
          1.38629  1.38629  1.38629  1.38629
          0.00004 10.93297 10.93297  1.46634  0.26236  1.09861  0.40547
    199   1.33062  2.83887  2.99938  0.46621    199 t - - -
          1.38629  1.38629  1.38629  1.38629
          0.00004 10.93297 10.93297  1.46634  0.26236  1.09861  0.40547
    200   3.41689  1.71316  5.72623  0.24382    200 t - - -
          1.38629  1.38629  1.38629  1.38629
          0.00004 10.93297 10.93297  1.46634  0.26236  1.09861  0.40547
    201   0.26056  4.63246  1.66156  3.51301    201 a - - -
          1.38629  1.38629  1.38629  1.38629
          0.00004 10.93297 10.93297  1.46634  0.26236  1.09861  0.40547
    202   1.08351  3.13970  2.79551  0.58481    202 t - - -
          1.38629  1.38629  1.38629  1.38629
          0.00004 10.93297 10.93297  1.46634  0.26236  1.09861  0.40547
    203   0.75406  2.47907  1.79420  1.27487    203 a - - -
          1.38629  1.38629  1.38629  1.38629
          0.00004 10.93297 10.93297  1.46634  0.26236  1.09861  0.40547
    204   0.97397  2.33832  2.01094  0.93632    204 t - - -
          1.38629  1.38629  1.38629  1.38629
          0.00004 10.93297 10.93297  1.46634  0.26236  1.09861  0.40547
    205   0.83975  2.51035  2.20611  0.97600    205 a - - -
          1.38629  1.38629  1.38629  1.38629
          0.00004 10.93297 10.93297  1.46634  0.26236  1.09861  0.40547
    206   0.91515  2.49101  2.38600  0.85633    206 t - - -
          1.38629  1.38629  1.38629  1.38629
          0.00004 10.93297 10.93297  1.46634  0.26236  1.09861  0.40547
    207   0.85413  2.36152  2.30578  0.96656    207 a - - -
          1.38629  1.38629  1.38629  1.38629
          0.00004 10.93297 10.93297  1.46634  0.26236  1.09861  0.40547
    208   0.88313  2.48442  2.38488  0.88906    208 a - - -
          1.38629  1.38629  1.38629  1.38629
          0.00004 10.93297 10.93297  1.46634  0.26236  1.09861  0.40547
    209   0.86499  2.39907  2.42915  0.91622    209 a - - -
          1.38629  1.38629  1.38629  1.38629
          0.00004 10.93297 10.93297  1.46634  0.26236  1.09861  0.40547
    210   0.95047  2.48662  2.34070  0.83473    210 t - - -
          1.38629  1.38629  1.38629  1.38629
          0.00004 10.93297 10.93297  1.46634  0.26236  1.09861  0.40547
    211   0.86652  2.46785  2.35803  0.91576    211 a - - -
          1.38629  1.38629  1.38629  1.38629
          0.00004 10.93297 10.93297  1.46634  0.26236  1.09861  0.40547
    212   0.89822  2.55119  2.25159  0.89285    212 t - - -
          1.38629  1.38629  1.38629  1.38629
          0.00004 10.93297 10.93297  1.46634  0.26236  1.09861  0.40547
    213   0.86119  2.68321  2.22878  0.91295    213 a - - -
          1.38629  1.38629  1.38629  1.38629
          0.00004 10.93297 10.93297  1.46634  0.26236  1.09861  0.40547
    214   0.86066  2.52049  2.29962  0.92533    214 a - - -
          1.38629  1.38629  1.38629  1.38629
          0.00004 10.93297 10.93297  1.46634  0.26236  1.09861  0.40547
    215   0.81988  2.64146  2.34291  0.93596    215 a - - -
          1.38629  1.38629  1.38629  1.38629
          0.00004 10.93297 10.93297  1.46634  0.26236  1.09861  0.40547
    216   0.86512  2.53827  2.45506  0.88156    216 a - - -
          1.38629  1.38629  1.38629  1.38629
          0.00004 10.93297 10.93297  1.46634  0.26236  1.09861  0.40547
    217   0.78874  2.71455  2.44277  0.93540    217 a - - -
          1.38629  1.38629  1.38629  1.38629
          0.00004 10.93297 10.93297  1.46634  0.26236  1.09861  0.40547
    218   0.89519  2.50426  2.40115  0.86959    218 t - - -
          1.38629  1.38629  1.38629  1.38629
          0.00004 10.93297 10.93297  1.46634  0.26236  1.09861  0.40547
    219   0.79107  2.60727  2.25234  1.00035    219 a - - -
          1.38629  1.38629  1.38629  1.38629
          0.00004 10.93297 10.93297  1.46634  0.26236  1.09861  0.40547
    220   0.80517  2.49674  2.46570  0.95273    220 a - - -
          1.38629  1.38629  1.38629  1.38629
          0.00004 10.93297 10.93297  1.46634  0.26236  1.09861  0.40547
    221   0.82177  2.44022  2.49504  0.93978    221 a - - -
          1.38629  1.38629  1.38629  1.38629
          0.00004 10.93297 10.93297  1.46634  0.26236  1.09861  0.40547
    222   0.86463  2.53517  2.42247  0.88955    222 a - - -
          1.38629  1.38629  1.38629  1.38629
          0.00004 10.93297 10.93297  1.46634  0.26236  1.09861  0.40547
    223   0.80294  2.60495  2.37126  0.95523    223 a - - -
          1.38629  1.38629  1.38629  1.38629
          0.00004 10.93297 10.93297  1.46634  0.26236  1.09861  0.40547
    224   0.84056  2.61746  2.29069  0.93052    224 a - - -
          1.38629  1.38629  1.38629  1.38629
          0.00004 10.93297 10.93297  1.46634  0.26236  1.09861  0.40547
    225   0.85580  2.53518  2.24716  0.94132    225 a - - -
          1.38629  1.38629  1.38629  1.38629
          0.00004 10.93297 10.93297  1.46634  0.26236  1.09861  0.40547
    226   0.86506  2.46742  2.39482  0.90887    226 a - - -
          1.38629  1.38629  1.38629  1.38629
          0.00004 10.93297 10.93297  1.46634  0.26236  1.09861  0.40547
    227   0.81727  2.54297  2.40291  0.94346    227 a - - -
          1.38629  1.38629  1.38629  1.38629
          0.00004 10.93297 10.93297  1.46634  0.26236  1.09861  0.40547
    228   0.82876  2.60959  2.51198  0.89468    228 a - - -
          1.38629  1.38629  1.38629  1.38629
          0.00004 10.93297 10.93297  1.46634  0.26236  1.09861  0.40547
    229   0.80584  2.57158  2.55816  0.91772    229 a - - -
          1.38629  1.38629  1.38629  1.38629
          0.00004 10.93297 10.93297  1.46634  0.26236  1.09861  0.40547
    230   0.76920  2.74305  2.65700  0.91109    230 a - - -
          1.38629  1.38629  1.38629  1.38629
          0.00004 10.93297 10.93297  1.46634  0.26236  1.09861  0.40547
    231   0.76442  2.99833  2.62208  0.88704    231 a - - -
          1.38629  1.38629  1.38629  1.38629
          0.00004 10.93297 10.93297  1.46634  0.26236  1.09861  0.40547
    232   0.85820  2.88564  2.57188  0.81224    232 t - - -
          1.38629  1.38629  1.38629  1.38629
          0.00004 10.93297 10.93297  1.46634  0.26236  1.09861  0.40547
    233   0.77928  2.90697  2.61829  0.88263    233 a - - -
          1.38629  1.38629  1.38629  1.38629
          0.00004 10.93297 10.93297  1.46634  0.26236  1.09861  0.40547
    234   0.85304  2.84365  2.57438  0.82219    234 t - - -
          1.38629  1.38629  1.38629  1.38629
          0.00004 10.93297 10.93297  1.46634  0.26236  1.09861  0.40547
    235   0.83125  2.74723  2.43676  0.88443    235 a - - -
          1.38629  1.38629  1.38629  1.38629
          0.00004 10.93297 10.93297  1.46634  0.26236  1.09861  0.40547
    236   0.84058  2.62263  2.46300  0.88977    236 a - - -
          1.38629  1.38629  1.38629  1.38629
          0.00004 10.93297 10.93297  1.46634  0.26236  1.09861  0.40547
    237   0.80311  2.66231  2.40104  0.93737    237 a - - -
          1.38629  1.38629  1.38629  1.38629
          0.00004 10.93297 10.93297  1.46634  0.26236  1.09861  0.40547
    238   0.83005  2.53216  2.54420  0.90152    238 a - - -
          1.38629  1.38629  1.38629  1.38629
          0.00004 10.93297 10.93297  1.46634  0.26236  1.09861  0.40547
    239   0.81989  2.60770  2.53818  0.89942    239 a - - -
          1.38629  1.38629  1.38629  1.38629
          0.00004 10.93297 10.93297  1.46634  0.26236  1.09861  0.40547
    240   0.82133  2.66707  2.56696  0.88206    240 a - - -
          1.38629  1.38629  1.38629  1.38629
          0.00004 10.93297 10.93297  1.46634  0.26236  1.09861  0.40547
    241   0.82758  2.74074  2.45805  0.88487    241 a - - -
          1.38629  1.38629  1.38629  1.38629
          0.00004 10.93297 10.93297  1.46634  0.26236  1.09861  0.40547
    242   0.84624  2.69883  2.56612  0.85131    242 a - - -
          1.38629  1.38629  1.38629  1.38629
          0.00004 10.93297 10.93297  1.46634  0.26236  1.09861  0.40547
    243   0.78815  2.78533  2.54143  0.90423    243 a - - -
          1.38629  1.38629  1.38629  1.38629
          0.00004 10.93297 10.93297  1.46634  0.26236  1.09861  0.40547
    244   0.83869  2.70683  2.49529  0.87107    244 a - - -
          1.38629  1.38629  1.38629  1.38629
          0.00004 10.93297 10.93297  1.46634  0.26236  1.09861  0.40547
    245   0.80839  2.67902  2.54514  0.89812    245 a - - -
          1.38629  1.38629  1.38629  1.38629
          0.00004 10.93297 10.93297  1.46634  0.26236  1.09861  0.40547
    246   0.82688  2.71045  2.55200  0.87190    246 a - - -
          1.38629  1.38629  1.38629  1.38629
          0.00004 10.93297 10.93297  1.46634  0.26236  1.09861  0.40547
    247   0.80110  2.74902  2.47361  0.90908    247 a - - -
          1.38629  1.38629  1.38629  1.38629
          0.00004 10.93297 10.93297  1.46634  0.26236  1.09861  0.40547
    248   0.81165  2.66650  2.60240  0.88604    248 a - - -
          1.38629  1.38629  1.38629  1.38629
          0.00004 10.93297 10.93297  1.46634  0.26236  1.09861  0.40547
    249   0.81991  2.74004  2.55571  0.87389    249 a - - -
          1.38629  1.38629  1.38629  1.38629
          0.00004 10.93297 10.93297  1.46634  0.26236  1.09861  0.40547
    250   0.84494  2.73685  2.51627  0.85595    250 a - - -
          1.38629  1.38629  1.38629  1.38629
          0.00004 10.93297 10.93297  1.46634  0.26236  1.09861  0.40547
    251   0.79599  2.77928  2.54825  0.89510    251 a - - -
          1.38629  1.38629  1.38629  1.38629
          0.00004 10.93297 10.93297  1.46634  0.26236  1.09861  0.40547
    252   0.82881  2.63588  2.55859  0.88102    252 a - - -
          1.38629  1.38629  1.38629  1.38629
          0.00004 10.93297 10.93297  1.46634  0.26236  1.09861  0.40547
    253   0.80779  2.66197  2.50052  0.91054    253 a - - -
          1.38629  1.38629  1.38629  1.38629
          0.00004 10.93297 10.93297  1.46634  0.26236  1.09861  0.40547
    254   0.81824  2.74096  2.58109  0.87086    254 a - - -
          1.38629  1.38629  1.38629  1.38629
          0.00004 10.93297 10.93297  1.46634  0.26236  1.09861  0.40547
    255   0.82446  2.71254  2.61156  0.86337    255 a - - -
          1.38629  1.38629  1.38629  1.38629
          0.00004 10.93297 10.93297  1.46634  0.26236  1.09861  0.40547
    256   0.81779  2.68173  2.58201  0.88062    256 a - - -
          1.38629  1.38629  1.38629  1.38629
          0.00004 10.93297 10.93297  1.46634  0.26236  1.09861  0.40547
    257   0.81246  2.74912  2.54750  0.88195    257 a - - -
          1.38629  1.38629  1.38629  1.38629
          0.00004 10.93297 10.93297  1.46634  0.26236  1.09861  0.40547
    258   0.81766  2.72305  2.56079  0.87799    258 a - - -
          1.38629  1.38629  1.38629  1.38629
          0.00004 10.93297 10.93297  1.46634  0.26236  1.09861  0.40547
    259   0.82896  2.70475  2.53005  0.87477    259 a - - -
          1.38629  1.38629  1.38629  1.38629
          0.00004 10.93297 10.93297  1.46634  0.26236  1.09861  0.40547
    260   0.83488  2.68788  2.56795  0.86427    260 a - - -
          1.38629  1.38629  1.38629  1.38629
          0.00004 10.93297 10.93297  1.46634  0.26236  1.09861  0.40547
    261   0.82167  2.71876  2.53600  0.87908    261 a - - -
          1.38629  1.38629  1.38629  1.38629
          0.00004 10.93297 10.93297  1.46634  0.26236  1.09861  0.40547
    262   0.80496  2.75648  2.55164  0.88812    262 a - - -
          1.38629  1.38629  1.38629  1.38629
          0.00004 10.93297 10.93297  1.46634  0.26236  1.09861  0.40547
    263   0.81223  2.71601  2.55827  0.88538    263 a - - -
          1.38629  1.38629  1.38629  1.38629
          0.00004 10.93297 10.93297  1.46634  0.26236  1.09861  0.40547
    264   0.81259  2.75077  2.56292  0.87868    264 a - - -
          1.38629  1.38629  1.38629  1.38629
          0.00004 10.93297 10.93297  1.46634  0.26236  1.09861  0.40547
    265   0.81117  2.79293  2.58398  0.87001    265 a - - -
          1.38629  1.38629  1.38629  1.38629
          0.00004 10.93297 10.93297  1.46634  0.26236  1.09861  0.40547
    266   0.81568  2.71887  2.56059  0.88079    266 a - - -
          1.38629  1.38629  1.38629  1.38629
          0.00004 10.93297 10.93297  1.46634  0.26236  1.09861  0.40547
    267   0.81640  2.83391  2.49880  0.87463    267 a - - -
          1.38629  1.38629  1.38629  1.38629
          0.00004 10.93297 10.93297  1.46634  0.26236  1.09861  0.40547
    268   0.83173  2.65160  2.54815  0.87721    268 a - - -
          1.38629  1.38629  1.38629  1.38629
          0.00004 10.93297 10.93297  1.46634  0.26236  1.09861  0.40547
    269   0.81469  2.69775  2.55116  0.88704    269 a - - -
          1.38629  1.38629  1.38629  1.38629
          0.00004 10.93297 10.93297  1.46634  0.26236  1.09861  0.40547
    270   0.81773  2.70077  2.60427  0.87358    270 a - - -
          1.38629  1.38629  1.38629  1.38629
          0.00004 10.93297 10.93297  1.46634  0.26236  1.09861  0.40547
    271   0.81089  2.83007  2.53416  0.87419    271 a - - -
          1.38629  1.38629  1.38629  1.38629
          0.00004 10.93297 10.93297  1.46634  0.26236  1.09861  0.40547
    272   0.82823  2.71888  2.54563  0.87035    272 a - - -
          1.38629  1.38629  1.38629  1.38629
          0.00004 10.93297 10.93297  1.46634  0.26236  1.09861  0.40547
    273   0.81548  2.75484  2.51102  0.88487    273 a - - -
          1.38629  1.38629  1.38629  1.38629
          0.00004 10.93297 10.93297  1.46634  0.26236  1.09861  0.40547
    274   0.80602  2.81880  2.45738  0.89641    274 a - - -
          1.38629  1.38629  1.38629  1.38629
          0.00004 10.93297 10.93297  1.46634  0.26236  1.09861  0.40547
    275   0.85922  2.71832  2.52966  0.84203    275 t - - -
          1.38629  1.38629  1.38629  1.38629
          0.00004 10.93297 10.93297  1.46634  0.26236  1.09861  0.40547
    276   0.83859  2.86184  2.52952  0.84206    276 a - - -
          1.38629  1.38629  1.38629  1.38629
          0.00004 10.93297 10.93297  1.46634  0.26236  1.09861  0.40547
    277   0.82157  2.73134  2.45663  0.89306    277 a - - -
          1.38629  1.38629  1.38629  1.38629
          0.00004 10.93297 10.93297  1.46634  0.26236  1.09861  0.40547
    278   0.84777  2.84610  2.40857  0.85892    278 a - - -
          1.38629  1.38629  1.38629  1.38629
          0.00004 10.93297 10.93297  1.46634  0.26236  1.09861  0.40547
    279   0.82020  2.81535  2.51028  0.87101    279 a - - -
          1.38629  1.38629  1.38629  1.38629
          0.00004 10.93297 10.93297  1.46634  0.26236  1.09861  0.40547
    280   0.80960  2.79322  2.58781  0.87095    280 a - - -
          1.38629  1.38629  1.38629  1.38629
          0.00004 10.93297 10.93297  1.46634  0.26236  1.09861  0.40547
    281   0.79983  2.70936  2.54817  0.90192    281 a - - -
          1.38629  1.38629  1.38629  1.38629
          0.00004 10.93297 10.93297  1.46634  0.26236  1.09861  0.40547
    282   0.79771  2.80371  2.57281  0.88495    282 a - - -
          1.38629  1.38629  1.38629  1.38629
          0.00004 10.93297 10.93297  1.46634  0.26236  1.09861  0.40547
    283   0.80159  2.76463  2.59505  0.88251    283 a - - -
          1.38629  1.38629  1.38629  1.38629
          0.00004 10.93297 10.93297  1.46634  0.26236  1.09861  0.40547
    284   0.78746  2.80210  2.66428  0.88028    284 a - - -
          1.38629  1.38629  1.38629  1.38629
          0.00004 10.93297 10.93297  1.46634  0.26236  1.09861  0.40547
    285   0.82719  2.74458  2.44100  0.88825    285 a - - -
          1.38629  1.38629  1.38629  1.38629
          0.00004 10.93297 10.93297  1.46634  0.26236  1.09861  0.40547
    286   0.81898  2.71856  2.57188  0.87525    286 a - - -
          1.38629  1.38629  1.38629  1.38629
          0.00004 10.93297 10.93297  1.46634  0.26236  1.09861  0.40547
    287   0.80991  2.85477  2.49854  0.87869    287 a - - -
          1.38629  1.38629  1.38629  1.38629
          0.00004 10.93297 10.93297  1.46634  0.26236  1.09861  0.40547
    288   0.82433  2.76585  2.47682  0.88059    288 a - - -
          1.38629  1.38629  1.38629  1.38629
          0.00004 10.93297 10.93297  1.46634  0.26236  1.09861  0.40547
    289   0.83375  2.77270  2.48198  0.86866    289 a - - -
          1.38629  1.38629  1.38629  1.38629
          0.00004 10.93297 10.93297  1.46634  0.26236  1.09861  0.40547
    290   0.79750  2.82961  2.48502  0.89848    290 a - - -
          1.38629  1.38629  1.38629  1.38629
          0.00004 10.93297 10.93297  1.46634  0.26236  1.09861  0.40547
    291   0.81112  2.80816  2.41597  0.90130    291 a - - -
          1.38629  1.38629  1.38629  1.38629
          0.00004 10.93297 10.93297  1.46634  0.26236  1.09861  0.40547
    292   0.79960  2.83103  2.51197  0.89055    292 a - - -
          1.38629  1.38629  1.38629  1.38629
          0.00004 10.93297 10.93297  1.46634  0.26236  1.09861  0.40547
    293   0.79403  2.88297  2.48817  0.89416    293 a - - -
          1.38629  1.38629  1.38629  1.38629
          0.00004 10.93297 10.93297  1.46634  0.26236  1.09861  0.40547
    294   0.81678  2.72895  2.44820  0.90039    294 a - - -
          1.38629  1.38629  1.38629  1.38629
          0.00004 10.93297 10.93297  1.46634  0.26236  1.09861  0.40547
    295   0.82029  2.83754  2.42808  0.88450    295 a - - -
          1.38629  1.38629  1.38629  1.38629
          0.00004 10.93297 10.93297  1.46634  0.26236  1.09861  0.40547
    296   0.81701  2.69797  2.52812  0.88893    296 a - - -
          1.38629  1.38629  1.38629  1.38629
          0.00004 10.93297 10.93297  1.46634  0.26236  1.09861  0.40547
    297   0.80109  2.70997  2.54868  0.90033    297 a - - -
          1.38629  1.38629  1.38629  1.38629
          0.00004 10.93297 10.93297  1.46634  0.26236  1.09861  0.40547
    298   0.83300  2.71374  2.51309  0.87239    298 a - - -
          1.38629  1.38629  1.38629  1.38629
          0.00004 10.93297 10.93297  1.46634  0.26236  1.09861  0.40547
    299   0.81664  2.76670  2.47680  0.88866    299 a - - -
          1.38629  1.38629  1.38629  1.38629
          0.00004 10.93297 10.93297  1.46634  0.26236  1.09861  0.40547
    300   0.79870  2.74931  2.49342  0.90760    300 a - - -
          1.38629  1.38629  1.38629  1.38629
          0.00004 10.93297 10.93297  1.46634  0.26236  1.09861  0.40547
    301   0.83838  2.74253  2.41464  0.88241    301 a - - -
          1.38629  1.38629  1.38629  1.38629
          0.00004 10.93297 10.93297  1.46634  0.26236  1.09861  0.40547
    302   0.79817  2.80750  2.47398  0.90327    302 a - - -
          1.38629  1.38629  1.38629  1.38629
          0.00004 10.93297 10.93297  1.46634  0.26236  1.09861  0.40547
    303   0.79756  2.69251  2.44186  0.92922    303 a - - -
          1.38629  1.38629  1.38629  1.38629
          0.00004 10.93297 10.93297  1.46634  0.26236  1.09861  0.40547
    304   0.83023  2.78186  2.41795  0.88425    304 a - - -
          1.38629  1.38629  1.38629  1.38629
          0.00004 10.93297 10.93297  1.46634  0.26236  1.09861  0.40547
    305   0.80109  2.71837  2.49191  0.91024    305 a - - -
          1.38629  1.38629  1.38629  1.38629
          0.00004 10.93297 10.93297  1.46634  0.26236  1.09861  0.40547
    306   0.79886  2.68229  2.46666  0.92411    306 a - - -
          1.38629  1.38629  1.38629  1.38629
          0.00004 10.93297 10.93297  1.46634  0.26236  1.09861  0.40547
    307   0.82744  2.70540  2.38329  0.90698    307 a - - -
          1.38629  1.38629  1.38629  1.38629
          0.00004 10.93297 10.93297  1.46634  0.26236  1.09861  0.40547
    308   0.83114  2.72759  2.28674  0.92263    308 a - - -
          1.38629  1.38629  1.38629  1.38629
          0.00004 10.93297 10.93297  1.46634  0.26236  1.09861  0.40547
    309   0.81498  2.66762  2.37373  0.92937    309 a - - -
          1.38629  1.38629  1.38629  1.38629
          0.00004 10.93297 10.93297  1.46634  0.26236  1.09861  0.40547
    310   0.81665  2.70872  2.44977  0.90348    310 a - - -
          1.38629  1.38629  1.38629  1.38629
          0.00004 10.93297 10.93297  1.46634  0.26236  1.09861  0.40547
    311   0.79005  2.70574  2.42663  0.93899    311 a - - -
          1.38629  1.38629  1.38629  1.38629
          0.00004 10.93297 10.93297  1.46634  0.26236  1.09861  0.40547
    312   0.81572  2.65186  2.40525  0.92403    312 a - - -
          1.38629  1.38629  1.38629  1.38629
          0.00004 10.93297 10.93297  1.46634  0.26236  1.09861  0.40547
    313   0.80972  2.61372  2.36304  0.94773    313 a - - -
          1.38629  1.38629  1.38629  1.38629
          0.00004 10.93297 10.93297  1.46634  0.26236  1.09861  0.40547
    314   0.78188  2.72737  2.45152  0.93930    314 a - - -
          1.38629  1.38629  1.38629  1.38629
          0.00004 10.93297 10.93297  1.46634  0.26236  1.09861  0.40547
    315   0.80621  2.72390  2.41351  0.92046    315 a - - -
          1.38629  1.38629  1.38629  1.38629
          0.00004 10.93297 10.93297  1.46634  0.26236  1.09861  0.40547
    316   0.80273  2.68976  2.37613  0.93882    316 a - - -
          1.38629  1.38629  1.38629  1.38629
          0.00004 10.93297 10.93297  1.46634  0.26236  1.09861  0.40547
    317   0.83145  2.72871  2.29492  0.92002    317 a - - -
          1.38629  1.38629  1.38629  1.38629
          0.00004 10.93297 10.93297  1.46634  0.26236  1.09861  0.40547
    318   0.80579  2.66151  2.33875  0.94939    318 a - - -
          1.38629  1.38629  1.38629  1.38629
          0.00004 10.93297 10.93297  1.46634  0.26236  1.09861  0.40547
    319   0.80180  2.73514  2.35188  0.93802    319 a - - -
          1.38629  1.38629  1.38629  1.38629
          0.00004 10.93297 10.93297  1.46634  0.26236  1.09861  0.40547
    320   0.80845  2.78205  2.31996  0.93074    320 a - - -
          1.38629  1.38629  1.38629  1.38629
          0.00004 10.93297 10.93297  1.46634  0.26236  1.09861  0.40547
    321   0.80628  2.63683  2.35871  0.94842    321 a - - -
          1.38629  1.38629  1.38629  1.38629
          0.00004 10.93297 10.93297  1.46634  0.26236  1.09861  0.40547
    322   0.82138  2.60000  2.30623  0.95123    322 a - - -
          1.38629  1.38629  1.38629  1.38629
          0.00004 10.93297 10.93297  1.46634  0.26236  1.09861  0.40547
    323   0.80284  2.64596  2.33851  0.95571    323 a - - -
          1.38629  1.38629  1.38629  1.38629
          0.00004 10.93297 10.93297  1.46634  0.26236  1.09861  0.40547
    324   0.82367  2.66529  2.26228  0.94806    324 a - - -
          1.38629  1.38629  1.38629  1.38629
          0.00004 10.93297 10.93297  1.46634  0.26236  1.09861  0.40547
    325   0.79735  2.59189  2.27896  0.98830    325 a - - -
          1.38629  1.38629  1.38629  1.38629
          0.00004 10.93297 10.93297  1.46634  0.26236  1.09861  0.40547
    326   0.82062  2.51312  2.29645  0.97230    326 a - - -
          1.38629  1.38629  1.38629  1.38629
          0.00004 10.93297 10.93297  1.46634  0.26236  1.09861  0.40547
    327   0.79907  2.59309  2.22019  1.00274    327 a - - -
          1.38629  1.38629  1.38629  1.38629
          0.00004 10.93297 10.93297  1.46634  0.26236  1.09861  0.40547
    328   0.79611  2.59295  2.28957  0.98668    328 a - - -
          1.38629  1.38629  1.38629  1.38629
          0.00004 10.93297 10.93297  1.46634  0.26236  1.09861  0.40547
    329   0.78721  2.67242  2.19273  1.01008    329 a - - -
          1.38629  1.38629  1.38629  1.38629
          0.00004 10.93297 10.93297  1.46634  0.26236  1.09861  0.40547
    330   0.80020  2.61152  2.21869  0.99808    330 a - - -
          1.38629  1.38629  1.38629  1.38629
          0.00004 10.93297 10.93297  1.46634  0.26236  1.09861  0.40547
    331   0.79655  2.61133  2.25005  0.99348    331 a - - -
          1.38629  1.38629  1.38629  1.38629
          0.00004 10.93297 10.93297  1.46634  0.26236  1.09861  0.40547
    332   0.80114  2.59363  2.20534  1.00451    332 a - - -
          1.38629  1.38629  1.38629  1.38629
          0.00004 10.93297 10.93297  1.46634  0.26236  1.09861  0.40547
    333   0.80653  2.60560  2.27062  0.97687    333 a - - -
          1.38629  1.38629  1.38629  1.38629
          0.00004 10.93297 10.93297  1.46634  0.26236  1.09861  0.40547
    334   0.78962  2.55235  2.24304  1.01625    334 a - - -
          1.38629  1.38629  1.38629  1.38629
          0.00004 10.93297 10.93297  1.46634  0.26236  1.09861  0.40547
    335   0.80596  2.56772  2.19733  1.00640    335 a - - -
          1.38629  1.38629  1.38629  1.38629
          0.00004 10.93297 10.93297  1.46634  0.26236  1.09861  0.40547
    336   0.80004  2.57815  2.20822  1.00819    336 a - - -
          1.38629  1.38629  1.38629  1.38629
          0.00004 10.93297 10.93297  1.46634  0.26236  1.09861  0.40547
    337   0.81074  2.56604  2.25037  0.98544    337 a - - -
          1.38629  1.38629  1.38629  1.38629
          0.00004 10.93297 10.93297  1.46634  0.26236  1.09861  0.40547
    338   0.81730  2.55169  2.28012  0.97245    338 a - - -
          1.38629  1.38629  1.38629  1.38629
          0.00004 10.93297 10.93297  1.46634  0.26236  1.09861  0.40547
    339   0.81238  2.52339  2.27636  0.98523    339 a - - -
          1.38629  1.38629  1.38629  1.38629
          0.00004 10.93297 10.93297  1.46634  0.26236  1.09861  0.40547
    340   0.78094  2.58995  2.25853  1.01474    340 a - - -
          1.38629  1.38629  1.38629  1.38629
          0.00004 10.93297 10.93297  1.46634  0.26236  1.09861  0.40547
    341   0.83482  2.55446  2.25455  0.95869    341 a - - -
          1.38629  1.38629  1.38629  1.38629
          0.00004 10.93297 10.93297  1.46634  0.26236  1.09861  0.40547
    342   0.81295  2.57934  2.30279  0.96588    342 a - - -
          1.38629  1.38629  1.38629  1.38629
          0.00004 10.93297 10.93297  1.46634  0.26236  1.09861  0.40547
    343   0.83675  2.61911  2.31308  0.92871    343 a - - -
          1.38629  1.38629  1.38629  1.38629
          0.00004 10.93297 10.93297  1.46634  0.26236  1.09861  0.40547
    344   0.79766  2.56289  2.34344  0.97673    344 a - - -
          1.38629  1.38629  1.38629  1.38629
          0.00004 10.93297 10.93297  1.46634  0.26236  1.09861  0.40547
    345   0.82751  2.55005  2.30870  0.95348    345 a - - -
          1.38629  1.38629  1.38629  1.38629
          0.00004 10.93297 10.93297  1.46634  0.26236  1.09861  0.40547
    346   0.78403  2.66624  2.32207  0.97855    346 a - - -
          1.38629  1.38629  1.38629  1.38629
          0.00004 10.93297 10.93297  1.46634  0.26236  1.09861  0.40547
    347   0.81688  2.65131  2.34724  0.93650    347 a - - -
          1.38629  1.38629  1.38629  1.38629
          0.00004 10.93297 10.93297  1.46634  0.26236  1.09861  0.40547
    348   0.77297  2.70446  2.38059  0.97033    348 a - - -
          1.38629  1.38629  1.38629  1.38629
          0.00004 10.93297 10.93297  1.46634  0.26236  1.09861  0.40547
    349   0.82302  2.62773  2.35003  0.93321    349 a - - -
          1.38629  1.38629  1.38629  1.38629
          0.00004 10.93297 10.93297  1.46634  0.26236  1.09861  0.40547
    350   0.78302  2.72359  2.36845  0.95787    350 a - - -
          1.38629  1.38629  1.38629  1.38629
          0.00004 10.93297 10.93297  1.46634  0.26236  1.09861  0.40547
    351   0.81201  2.71366  2.44706  0.90833    351 a - - -
          1.38629  1.38629  1.38629  1.38629
          0.00004 10.93297 10.93297  1.46634  0.26236  1.09861  0.40547
    352   0.76767  2.79837  2.43705  0.94783    352 a - - -
          1.38629  1.38629  1.38629  1.38629
          0.00004 10.93297 10.93297  1.46634  0.26236  1.09861  0.40547
    353   0.81535  2.71696  2.39564  0.91548    353 a - - -
          1.38629  1.38629  1.38629  1.38629
          0.00004 10.93297 10.93297  1.46634  0.26236  1.09861  0.40547
    354   0.78240  2.70499  2.44764  0.94334    354 a - - -
          1.38629  1.38629  1.38629  1.38629
          0.00004 10.93297 10.93297  1.46634  0.26236  1.09861  0.40547
    355   0.81125  2.64769  2.39452  0.93225    355 a - - -
          1.38629  1.38629  1.38629  1.38629
          0.00004 10.93297 10.93297  1.46634  0.26236  1.09861  0.40547
    356   0.79047  2.75132  2.43948  0.92807    356 a - - -
          1.38629  1.38629  1.38629  1.38629
          0.00004 10.93297 10.93297  1.46634  0.26236  1.09861  0.40547
    357   0.80267  2.75570  2.48060  0.90483    357 a - - -
          1.38629  1.38629  1.38629  1.38629
          0.00004 10.93297 10.93297  1.46634  0.26236  1.09861  0.40547
    358   0.80129  2.72360  2.38164  0.93340    358 a - - -
          1.38629  1.38629  1.38629  1.38629
          0.00004 10.93297 10.93297  1.46634  0.26236  1.09861  0.40547
    359   0.80949  2.68440  2.44763  0.91590    359 a - - -
          1.38629  1.38629  1.38629  1.38629
          0.00004 10.93297 10.93297  1.46634  0.26236  1.09861  0.40547
    360   0.80146  2.72698  2.39293  0.93002    360 a - - -
          1.38629  1.38629  1.38629  1.38629
          0.00004 10.93297 10.93297  1.46634  0.26236  1.09861  0.40547
    361   0.81943  2.68049  2.50074  0.89462    361 a - - -
          1.38629  1.38629  1.38629  1.38629
          0.00004 10.93297 10.93297  1.46634  0.26236  1.09861  0.40547
    362   0.79529  2.73198  2.48332  0.91631    362 a - - -
          1.38629  1.38629  1.38629  1.38629
          0.00004 10.93297 10.93297  1.46634  0.26236  1.09861  0.40547
    363   0.81575  2.69908  2.38954  0.91942    363 a - - -
          1.38629  1.38629  1.38629  1.38629
          0.00004 10.93297 10.93297  1.46634  0.26236  1.09861  0.40547
    364   0.81645  2.76050  2.37863  0.91114    364 a - - -
          1.38629  1.38629  1.38629  1.38629
          0.00004 10.93297 10.93297  1.46634  0.26236  1.09861  0.40547
    365   0.79610  2.68817  2.39778  0.94163    365 a - - -
          1.38629  1.38629  1.38629  1.38629
          0.00004 10.93297 10.93297  1.46634  0.26236  1.09861  0.40547
    366   0.79918  2.67752  2.40673  0.93788    366 a - - -
          1.38629  1.38629  1.38629  1.38629
          0.00004 10.93297 10.93297  1.46634  0.26236  1.09861  0.40547
    367   0.80944  2.77559  2.35920  0.92109    367 a - - -
          1.38629  1.38629  1.38629  1.38629
          0.00004 10.93297 10.93297  1.46634  0.26236  1.09861  0.40547
    368   0.78654  2.66624  2.47407  0.93949    368 a - - -
          1.38629  1.38629  1.38629  1.38629
          0.00004 10.93297 10.93297  1.46634  0.26236  1.09861  0.40547
    369   0.81536  2.80755  2.31760  0.91965    369 a - - -
          1.38629  1.38629  1.38629  1.38629
          0.00004 10.93297 10.93297  1.46634  0.26236  1.09861  0.40547
    370   0.81205  2.70800  2.34471  0.93265    370 a - - -
          1.38629  1.38629  1.38629  1.38629
          0.00004 10.93297 10.93297  1.46634  0.26236  1.09861  0.40547
    371   0.81920  2.66330  2.39268  0.92102    371 a - - -
          1.38629  1.38629  1.38629  1.38629
          0.00004 10.93297 10.93297  1.46634  0.26236  1.09861  0.40547
    372   0.80490  2.67571  2.30763  0.95578    372 a - - -
          1.38629  1.38629  1.38629  1.38629
          0.00004 10.93297 10.93297  1.46634  0.26236  1.09861  0.40547
    373   0.80064  2.73987  2.31844  0.94688    373 a - - -
          1.38629  1.38629  1.38629  1.38629
          0.00004 10.93297 10.93297  1.46634  0.26236  1.09861  0.40547
    374   0.81025  2.62386  2.30510  0.95977    374 a - - -
          1.38629  1.38629  1.38629  1.38629
          0.00004 10.93297 10.93297  1.46634  0.26236  1.09861  0.40547
    375   0.81341  2.69496  2.31712  0.94019    375 a - - -
          1.38629  1.38629  1.38629  1.38629
          0.00004 10.93297 10.93297  1.46634  0.26236  1.09861  0.40547
    376   0.78468  2.66717  2.27736  0.98959    376 a - - -
          1.38629  1.38629  1.38629  1.38629
          0.00004 10.93297 10.93297  1.46634  0.26236  1.09861  0.40547
    377   0.82592  2.62645  2.21479  0.96586    377 a - - -
          1.38629  1.38629  1.38629  1.38629
          0.00004 10.93297 10.93297  1.46634  0.26236  1.09861  0.40547
    378   0.77402  2.66817  2.30943  0.99386    378 a - - -
          1.38629  1.38629  1.38629  1.38629
          0.00004 10.93297 10.93297  1.46634  0.26236  1.09861  0.40547
    379   0.82315  2.52732  2.34738  0.95332    379 a - - -
          1.38629  1.38629  1.38629  1.38629
          0.00004 10.93297 10.93297  1.46634  0.26236  1.09861  0.40547
    380   0.81145  2.63902  2.17716  0.99157    380 a - - -
          1.38629  1.38629  1.38629  1.38629
          0.00004 10.93297 10.93297  1.46634  0.26236  1.09861  0.40547
    381   0.80474  2.54545  2.26457  0.99294    381 a - - -
          1.38629  1.38629  1.38629  1.38629
          0.00004 10.93297 10.93297  1.46634  0.26236  1.09861  0.40547
    382   0.80170  2.63979  2.22342  0.98935    382 a - - -
          1.38629  1.38629  1.38629  1.38629
          0.00004 10.93297 10.93297  1.46634  0.26236  1.09861  0.40547
    383   0.81213  2.61388  2.18492  0.99330    383 a - - -
          1.38629  1.38629  1.38629  1.38629
          0.00004 10.93297 10.93297  1.46634  0.26236  1.09861  0.40547
    384   0.79848  2.60883  2.20490  1.00483    384 a - - -
          1.38629  1.38629  1.38629  1.38629
          0.00004 10.93297 10.93297  1.46634  0.26236  1.09861  0.40547
    385   0.79369  2.55929  2.25582  1.00600    385 a - - -
          1.38629  1.38629  1.38629  1.38629
          0.00004 10.93297 10.93297  1.46634  0.26236  1.09861  0.40547
    386   0.77768  2.61449  2.24716  1.01715    386 a - - -
          1.38629  1.38629  1.38629  1.38629
          0.00004 10.93297 10.93297  1.46634  0.26236  1.09861  0.40547
    387   0.81546  2.56279  2.26615  0.97613    387 a - - -
          1.38629  1.38629  1.38629  1.38629
          0.00004 10.93297 10.93297  1.46634  0.26236  1.09861  0.40547
    388   0.79599  2.58139  2.24174  1.00261    388 a - - -
          1.38629  1.38629  1.38629  1.38629
          0.00004 10.93297 10.93297  1.46634  0.26236  1.09861  0.40547
    389   0.81268  2.63733  2.22874  0.97520    389 a - - -
          1.38629  1.38629  1.38629  1.38629
          0.00004 10.93297 10.93297  1.46634  0.26236  1.09861  0.40547
    390   0.80119  2.54482  2.21098  1.01301    390 a - - -
          1.38629  1.38629  1.38629  1.38629
          0.00004 10.93297 10.93297  1.46634  0.26236  1.09861  0.40547
    391   0.80955  2.61681  2.21950  0.98553    391 a - - -
          1.38629  1.38629  1.38629  1.38629
          0.00004 10.93297 10.93297  1.46634  0.26236  1.09861  0.40547
    392   0.78889  2.60841  2.26915  0.99805    392 a - - -
          1.38629  1.38629  1.38629  1.38629
          0.00004 10.93297 10.93297  1.46634  0.26236  1.09861  0.40547
    393   0.81353  2.65094  2.22384  0.97304    393 a - - -
          1.38629  1.38629  1.38629  1.38629
          0.00004 10.93297 10.93297  1.46634  0.26236  1.09861  0.40547
    394   0.82703  2.58279  2.19013  0.98033    394 a - - -
          1.38629  1.38629  1.38629  1.38629
          0.00004 10.93297 10.93297  1.46634  0.26236  1.09861  0.40547
    395   0.83531  2.53076  2.24050  0.96691    395 a - - -
          1.38629  1.38629  1.38629  1.38629
          0.00004 10.93297 10.93297  1.46634  0.26236  1.09861  0.40547
    396   0.79532  2.58871  2.26197  0.99614    396 a - - -
          1.38629  1.38629  1.38629  1.38629
          0.00004 10.93297 10.93297  1.46634  0.26236  1.09861  0.40547
    397   0.82871  2.61276  2.27009  0.94997    397 a - - -
          1.38629  1.38629  1.38629  1.38629
          0.00004 10.93297 10.93297  1.46634  0.26236  1.09861  0.40547
    398   0.80374  2.66299  2.27914  0.96696    398 a - - -
          1.38629  1.38629  1.38629  1.38629
          0.00004 10.93297 10.93297  1.46634  0.26236  1.09861  0.40547
    399   0.82442  2.63923  2.27758  0.94788    399 a - - -
          1.38629  1.38629  1.38629  1.38629
          0.00004 10.93297 10.93297  1.46634  0.26236  1.09861  0.40547
    400   0.81347  2.63292  2.28901  0.95855    400 a - - -
          1.38629  1.38629  1.38629  1.38629
          0.00004 10.93297 10.93297  1.46634  0.26236  1.09861  0.40547
    401   0.81923  2.71656  2.29730  0.93497    401 a - - -
          1.38629  1.38629  1.38629  1.38629
          0.00002 10.93295        *  1.46634  0.26236  0.00000        *
//
