HMMER3/f [3.3.2 | Nov 2020]
NAME  scerevisiae_200
LENG  401
MAXL  401
ALPH  DNA
RF    no
MM    no
CONS  yes
CS    no
MAP   yes
DATE  Tue Oct 15 12:24:16 2024
NSEQ  5117
EFFN  5117.000000
CKSUM 1286611585
STATS LOCAL MSV      -17.1185  0.75316
STATS LOCAL VITERBI  -17.6791  0.75316
STATS LOCAL FORWARD   -3.1397  0.75316
HMM          A        C        G        T   
            m->m     m->i     m->d     i->m     i->i     d->m     d->d
  COMPO   1.11568  1.67897  1.66214  1.21736
          1.38629  1.38629  1.38629  1.38629
          0.00004 10.84334 10.84334  1.46634  0.26236  0.00000        *
      1   1.20647  1.65284  1.73543  1.09985      1 t - - -
          1.38629  1.38629  1.38629  1.38629
          0.00004 10.84334 10.84334  1.46634  0.26236  1.09861  0.40547
      2   1.22566  1.66600  1.74427  1.07100      2 t - - -
          1.38629  1.38629  1.38629  1.38629
          0.00004 10.84334 10.84334  1.46634  0.26236  1.09861  0.40547
      3   1.16226  1.69293  1.75621  1.10702      3 t - - -
          1.38629  1.38629  1.38629  1.38629
          0.00004 10.84334 10.84334  1.46634  0.26236  1.09861  0.40547
      4   1.20437  1.67573  1.74496  1.08383      4 t - - -
          1.38629  1.38629  1.38629  1.38629
          0.00004 10.84334 10.84334  1.46634  0.26236  1.09861  0.40547
      5   1.22401  1.73591  1.70420  1.05615      5 t - - -
          1.38629  1.38629  1.38629  1.38629
          0.00004 10.84334 10.84334  1.46634  0.26236  1.09861  0.40547
      6   1.21160  1.63380  1.74173  1.10299      6 t - - -
          1.38629  1.38629  1.38629  1.38629
          0.00004 10.84334 10.84334  1.46634  0.26236  1.09861  0.40547
      7   1.15005  1.67241  1.79124  1.11220      7 t - - -
          1.38629  1.38629  1.38629  1.38629
          0.00004 10.84334 10.84334  1.46634  0.26236  1.09861  0.40547
      8   1.19966  1.65748  1.74626  1.09763      8 t - - -
          1.38629  1.38629  1.38629  1.38629
          0.00004 10.84334 10.84334  1.46634  0.26236  1.09861  0.40547
      9   1.20915  1.69348  1.73404  1.07558      9 t - - -
          1.38629  1.38629  1.38629  1.38629
          0.00004 10.84334 10.84334  1.46634  0.26236  1.09861  0.40547
     10   1.23529  1.62947  1.72494  1.09352     10 t - - -
          1.38629  1.38629  1.38629  1.38629
          0.00004 10.84334 10.84334  1.46634  0.26236  1.09861  0.40547
     11   1.21354  1.64494  1.68290  1.12702     11 t - - -
          1.38629  1.38629  1.38629  1.38629
          0.00004 10.84334 10.84334  1.46634  0.26236  1.09861  0.40547
     12   1.19455  1.72127  1.73618  1.07257     12 t - - -
          1.38629  1.38629  1.38629  1.38629
          0.00004 10.84334 10.84334  1.46634  0.26236  1.09861  0.40547
     13   1.18923  1.67002  1.72989  1.10868     13 t - - -
          1.38629  1.38629  1.38629  1.38629
          0.00004 10.84334 10.84334  1.46634  0.26236  1.09861  0.40547
     14   1.18398  1.63498  1.76922  1.11315     14 t - - -
          1.38629  1.38629  1.38629  1.38629
          0.00004 10.84334 10.84334  1.46634  0.26236  1.09861  0.40547
     15   1.20025  1.63257  1.72769  1.12159     15 t - - -
          1.38629  1.38629  1.38629  1.38629
          0.00004 10.84334 10.84334  1.46634  0.26236  1.09861  0.40547
     16   1.21086  1.65217  1.72905  1.09969     16 t - - -
          1.38629  1.38629  1.38629  1.38629
          0.00004 10.84334 10.84334  1.46634  0.26236  1.09861  0.40547
     17   1.18609  1.60944  1.76906  1.12672     17 t - - -
          1.38629  1.38629  1.38629  1.38629
          0.00004 10.84334 10.84334  1.46634  0.26236  1.09861  0.40547
     18   1.20594  1.69573  1.67999  1.10640     18 t - - -
          1.38629  1.38629  1.38629  1.38629
          0.00004 10.84334 10.84334  1.46634  0.26236  1.09861  0.40547
     19   1.17687  1.65725  1.80854  1.08707     19 t - - -
          1.38629  1.38629  1.38629  1.38629
          0.00004 10.84334 10.84334  1.46634  0.26236  1.09861  0.40547
     20   1.21367  1.63222  1.73795  1.10407     20 t - - -
          1.38629  1.38629  1.38629  1.38629
          0.00004 10.84334 10.84334  1.46634  0.26236  1.09861  0.40547
     21   1.22627  1.64216  1.77952  1.06615     21 t - - -
          1.38629  1.38629  1.38629  1.38629
          0.00004 10.84334 10.84334  1.46634  0.26236  1.09861  0.40547
     22   1.20880  1.68255  1.73963  1.07893     22 t - - -
          1.38629  1.38629  1.38629  1.38629
          0.00004 10.84334 10.84334  1.46634  0.26236  1.09861  0.40547
     23   1.22089  1.66221  1.70729  1.09674     23 t - - -
          1.38629  1.38629  1.38629  1.38629
          0.00004 10.84334 10.84334  1.46634  0.26236  1.09861  0.40547
     24   1.21796  1.63202  1.75356  1.09220     24 t - - -
          1.38629  1.38629  1.38629  1.38629
          0.00004 10.84334 10.84334  1.46634  0.26236  1.09861  0.40547
     25   1.21315  1.67029  1.70738  1.09899     25 t - - -
          1.38629  1.38629  1.38629  1.38629
          0.00004 10.84334 10.84334  1.46634  0.26236  1.09861  0.40547
     26   1.24265  1.67355  1.74862  1.05043     26 t - - -
          1.38629  1.38629  1.38629  1.38629
          0.00004 10.84334 10.84334  1.46634  0.26236  1.09861  0.40547
     27   1.21421  1.68446  1.73307  1.07655     27 t - - -
          1.38629  1.38629  1.38629  1.38629
          0.00004 10.84334 10.84334  1.46634  0.26236  1.09861  0.40547
     28   1.21984  1.73611  1.78346  1.02037     28 t - - -
          1.38629  1.38629  1.38629  1.38629
          0.00004 10.84334 10.84334  1.46634  0.26236  1.09861  0.40547
     29   1.18744  1.69158  1.77369  1.07568     29 t - - -
          1.38629  1.38629  1.38629  1.38629
          0.00004 10.84334 10.84334  1.46634  0.26236  1.09861  0.40547
     30   1.26713  1.68199  1.73795  1.03148     30 t - - -
          1.38629  1.38629  1.38629  1.38629
          0.00004 10.84334 10.84334  1.46634  0.26236  1.09861  0.40547
     31   1.22829  1.64626  1.76018  1.07171     31 t - - -
          1.38629  1.38629  1.38629  1.38629
          0.00004 10.84334 10.84334  1.46634  0.26236  1.09861  0.40547
     32   1.23182  1.66345  1.76095  1.05880     32 t - - -
          1.38629  1.38629  1.38629  1.38629
          0.00004 10.84334 10.84334  1.46634  0.26236  1.09861  0.40547
     33   1.23705  1.65112  1.76149  1.06091     33 t - - -
          1.38629  1.38629  1.38629  1.38629
          0.00004 10.84334 10.84334  1.46634  0.26236  1.09861  0.40547
     34   1.29040  1.63352  1.70138  1.05795     34 t - - -
          1.38629  1.38629  1.38629  1.38629
          0.00004 10.84334 10.84334  1.46634  0.26236  1.09861  0.40547
     35   1.23877  1.66077  1.73343  1.06830     35 t - - -
          1.38629  1.38629  1.38629  1.38629
          0.00004 10.84334 10.84334  1.46634  0.26236  1.09861  0.40547
     36   1.25526  1.66196  1.72294  1.05932     36 t - - -
          1.38629  1.38629  1.38629  1.38629
          0.00004 10.84334 10.84334  1.46634  0.26236  1.09861  0.40547
     37   1.22525  1.66420  1.77485  1.05710     37 t - - -
          1.38629  1.38629  1.38629  1.38629
          0.00004 10.84334 10.84334  1.46634  0.26236  1.09861  0.40547
     38   1.21450  1.71626  1.72915  1.06140     38 t - - -
          1.38629  1.38629  1.38629  1.38629
          0.00004 10.84334 10.84334  1.46634  0.26236  1.09861  0.40547
     39   1.25486  1.68651  1.75098  1.03250     39 t - - -
          1.38629  1.38629  1.38629  1.38629
          0.00004 10.84334 10.84334  1.46634  0.26236  1.09861  0.40547
     40   1.22208  1.68459  1.72467  1.07403     40 t - - -
          1.38629  1.38629  1.38629  1.38629
          0.00004 10.84334 10.84334  1.46634  0.26236  1.09861  0.40547
     41   1.24715  1.64916  1.76722  1.05080     41 t - - -
          1.38629  1.38629  1.38629  1.38629
          0.00004 10.84334 10.84334  1.46634  0.26236  1.09861  0.40547
     42   1.26528  1.67723  1.69919  1.05521     42 t - - -
          1.38629  1.38629  1.38629  1.38629
          0.00004 10.84334 10.84334  1.46634  0.26236  1.09861  0.40547
     43   1.26673  1.61593  1.75690  1.05853     43 t - - -
          1.38629  1.38629  1.38629  1.38629
          0.00004 10.84334 10.84334  1.46634  0.26236  1.09861  0.40547
     44   1.23772  1.65160  1.76265  1.05951     44 t - - -
          1.38629  1.38629  1.38629  1.38629
          0.00004 10.84334 10.84334  1.46634  0.26236  1.09861  0.40547
     45   1.26680  1.62463  1.78899  1.03802     45 t - - -
          1.38629  1.38629  1.38629  1.38629
          0.00004 10.84334 10.84334  1.46634  0.26236  1.09861  0.40547
     46   1.26243  1.72038  1.69004  1.03981     46 t - - -
          1.38629  1.38629  1.38629  1.38629
          0.00004 10.84334 10.84334  1.46634  0.26236  1.09861  0.40547
     47   1.25698  1.68741  1.72276  1.04435     47 t - - -
          1.38629  1.38629  1.38629  1.38629
          0.00004 10.84334 10.84334  1.46634  0.26236  1.09861  0.40547
     48   1.27097  1.65930  1.76243  1.02850     48 t - - -
          1.38629  1.38629  1.38629  1.38629
          0.00004 10.84334 10.84334  1.46634  0.26236  1.09861  0.40547
     49   1.30811  1.60539  1.76681  1.02727     49 t - - -
          1.38629  1.38629  1.38629  1.38629
          0.00004 10.84334 10.84334  1.46634  0.26236  1.09861  0.40547
     50   1.30296  1.62695  1.72723  1.03855     50 t - - -
          1.38629  1.38629  1.38629  1.38629
          0.00004 10.84334 10.84334  1.46634  0.26236  1.09861  0.40547
     51   1.30732  1.61303  1.80215  1.00723     51 t - - -
          1.38629  1.38629  1.38629  1.38629
          0.00004 10.84334 10.84334  1.46634  0.26236  1.09861  0.40547
     52   1.26059  1.66142  1.75483  1.03928     52 t - - -
          1.38629  1.38629  1.38629  1.38629
          0.00004 10.84334 10.84334  1.46634  0.26236  1.09861  0.40547
     53   1.25859  1.68060  1.75273  1.03175     53 t - - -
          1.38629  1.38629  1.38629  1.38629
          0.00004 10.84334 10.84334  1.46634  0.26236  1.09861  0.40547
     54   1.26773  1.69661  1.72675  1.02900     54 t - - -
          1.38629  1.38629  1.38629  1.38629
          0.00004 10.84334 10.84334  1.46634  0.26236  1.09861  0.40547
     55   1.29011  1.63565  1.78755  1.01455     55 t - - -
          1.38629  1.38629  1.38629  1.38629
          0.00004 10.84334 10.84334  1.46634  0.26236  1.09861  0.40547
     56   1.31347  1.70722  1.70925  0.99765     56 t - - -
          1.38629  1.38629  1.38629  1.38629
          0.00004 10.84334 10.84334  1.46634  0.26236  1.09861  0.40547
     57   1.27955  1.63353  1.77681  1.02884     57 t - - -
          1.38629  1.38629  1.38629  1.38629
          0.00004 10.84334 10.84334  1.46634  0.26236  1.09861  0.40547
     58   1.24787  1.72247  1.75713  1.01689     58 t - - -
          1.38629  1.38629  1.38629  1.38629
          0.00004 10.84334 10.84334  1.46634  0.26236  1.09861  0.40547
     59   1.31880  1.63544  1.74586  1.01285     59 t - - -
          1.38629  1.38629  1.38629  1.38629
          0.00004 10.84334 10.84334  1.46634  0.26236  1.09861  0.40547
     60   1.26468  1.68796  1.73050  1.03402     60 t - - -
          1.38629  1.38629  1.38629  1.38629
          0.00004 10.84334 10.84334  1.46634  0.26236  1.09861  0.40547
     61   1.27605  1.62022  1.74849  1.05277     61 t - - -
          1.38629  1.38629  1.38629  1.38629
          0.00004 10.84334 10.84334  1.46634  0.26236  1.09861  0.40547
     62   1.28463  1.62477  1.79571  1.02087     62 t - - -
          1.38629  1.38629  1.38629  1.38629
          0.00004 10.84334 10.84334  1.46634  0.26236  1.09861  0.40547
     63   1.30626  1.66010  1.75436  1.00504     63 t - - -
          1.38629  1.38629  1.38629  1.38629
          0.00004 10.84334 10.84334  1.46634  0.26236  1.09861  0.40547
     64   1.29258  1.66554  1.75498  1.01214     64 t - - -
          1.38629  1.38629  1.38629  1.38629
          0.00004 10.84334 10.84334  1.46634  0.26236  1.09861  0.40547
     65   1.29341  1.64472  1.71886  1.04036     65 t - - -
          1.38629  1.38629  1.38629  1.38629
          0.00004 10.84334 10.84334  1.46634  0.26236  1.09861  0.40547
     66   1.28060  1.67682  1.72098  1.03206     66 t - - -
          1.38629  1.38629  1.38629  1.38629
          0.00004 10.84334 10.84334  1.46634  0.26236  1.09861  0.40547
     67   1.27441  1.71245  1.77039  0.99502     67 t - - -
          1.38629  1.38629  1.38629  1.38629
          0.00004 10.84334 10.84334  1.46634  0.26236  1.09861  0.40547
     68   1.24777  1.68783  1.75150  1.03726     68 t - - -
          1.38629  1.38629  1.38629  1.38629
          0.00004 10.84334 10.84334  1.46634  0.26236  1.09861  0.40547
     69   1.28302  1.67569  1.77711  1.00377     69 t - - -
          1.38629  1.38629  1.38629  1.38629
          0.00004 10.84334 10.84334  1.46634  0.26236  1.09861  0.40547
     70   1.30811  1.62154  1.72725  1.03761     70 t - - -
          1.38629  1.38629  1.38629  1.38629
          0.00004 10.84334 10.84334  1.46634  0.26236  1.09861  0.40547
     71   1.27531  1.63906  1.78523  1.02518     71 t - - -
          1.38629  1.38629  1.38629  1.38629
          0.00004 10.84334 10.84334  1.46634  0.26236  1.09861  0.40547
     72   1.29460  1.65253  1.79091  1.00071     72 t - - -
          1.38629  1.38629  1.38629  1.38629
          0.00004 10.84334 10.84334  1.46634  0.26236  1.09861  0.40547
     73   1.31623  1.67874  1.73020  0.99968     73 t - - -
          1.38629  1.38629  1.38629  1.38629
          0.00004 10.84334 10.84334  1.46634  0.26236  1.09861  0.40547
     74   1.29801  1.68261  1.75787  0.99797     74 t - - -
          1.38629  1.38629  1.38629  1.38629
          0.00004 10.84334 10.84334  1.46634  0.26236  1.09861  0.40547
     75   1.31226  1.68226  1.73188  0.99999     75 t - - -
          1.38629  1.38629  1.38629  1.38629
          0.00004 10.84334 10.84334  1.46634  0.26236  1.09861  0.40547
     76   1.28444  1.70550  1.70142  1.02419     76 t - - -
          1.38629  1.38629  1.38629  1.38629
          0.00004 10.84334 10.84334  1.46634  0.26236  1.09861  0.40547
     77   1.31040  1.68265  1.71095  1.01139     77 t - - -
          1.38629  1.38629  1.38629  1.38629
          0.00004 10.84334 10.84334  1.46634  0.26236  1.09861  0.40547
     78   1.30610  1.68866  1.68276  1.02583     78 t - - -
          1.38629  1.38629  1.38629  1.38629
          0.00004 10.84334 10.84334  1.46634  0.26236  1.09861  0.40547
     79   1.30448  1.65392  1.71070  1.03100     79 t - - -
          1.38629  1.38629  1.38629  1.38629
          0.00004 10.84334 10.84334  1.46634  0.26236  1.09861  0.40547
     80   1.26791  1.66302  1.77432  1.02328     80 t - - -
          1.38629  1.38629  1.38629  1.38629
          0.00004 10.84334 10.84334  1.46634  0.26236  1.09861  0.40547
     81   1.27155  1.72391  1.70247  1.02442     81 t - - -
          1.38629  1.38629  1.38629  1.38629
          0.00004 10.84334 10.84334  1.46634  0.26236  1.09861  0.40547
     82   1.27461  1.62320  1.74266  1.05515     82 t - - -
          1.38629  1.38629  1.38629  1.38629
          0.00004 10.84334 10.84334  1.46634  0.26236  1.09861  0.40547
     83   1.26401  1.64353  1.74029  1.05350     83 t - - -
          1.38629  1.38629  1.38629  1.38629
          0.00004 10.84334 10.84334  1.46634  0.26236  1.09861  0.40547
     84   1.26870  1.65550  1.76116  1.03294     84 t - - -
          1.38629  1.38629  1.38629  1.38629
          0.00004 10.84334 10.84334  1.46634  0.26236  1.09861  0.40547
     85   1.28422  1.62570  1.76993  1.03278     85 t - - -
          1.38629  1.38629  1.38629  1.38629
          0.00004 10.84334 10.84334  1.46634  0.26236  1.09861  0.40547
     86   1.28254  1.62962  1.71000  1.06191     86 t - - -
          1.38629  1.38629  1.38629  1.38629
          0.00004 10.84334 10.84334  1.46634  0.26236  1.09861  0.40547
     87   1.29148  1.64436  1.72904  1.03692     87 t - - -
          1.38629  1.38629  1.38629  1.38629
          0.00004 10.84334 10.84334  1.46634  0.26236  1.09861  0.40547
     88   1.30402  1.65505  1.66824  1.05297     88 t - - -
          1.38629  1.38629  1.38629  1.38629
          0.00004 10.84334 10.84334  1.46634  0.26236  1.09861  0.40547
     89   1.28883  1.65242  1.69421  1.05246     89 t - - -
          1.38629  1.38629  1.38629  1.38629
          0.00004 10.84334 10.84334  1.46634  0.26236  1.09861  0.40547
     90   1.28299  1.59640  1.74536  1.06251     90 t - - -
          1.38629  1.38629  1.38629  1.38629
          0.00004 10.84334 10.84334  1.46634  0.26236  1.09861  0.40547
     91   1.25740  1.66515  1.70119  1.06717     91 t - - -
          1.38629  1.38629  1.38629  1.38629
          0.00004 10.84334 10.84334  1.46634  0.26236  1.09861  0.40547
     92   1.28090  1.60137  1.72595  1.07122     92 t - - -
          1.38629  1.38629  1.38629  1.38629
          0.00004 10.84334 10.84334  1.46634  0.26236  1.09861  0.40547
     93   1.27300  1.63605  1.71848  1.06154     93 t - - -
          1.38629  1.38629  1.38629  1.38629
          0.00004 10.84334 10.84334  1.46634  0.26236  1.09861  0.40547
     94   1.26248  1.68295  1.66737  1.07154     94 t - - -
          1.38629  1.38629  1.38629  1.38629
          0.00004 10.84334 10.84334  1.46634  0.26236  1.09861  0.40547
     95   1.26167  1.64709  1.69909  1.07481     95 t - - -
          1.38629  1.38629  1.38629  1.38629
          0.00004 10.84334 10.84334  1.46634  0.26236  1.09861  0.40547
     96   1.26981  1.63468  1.70892  1.06992     96 t - - -
          1.38629  1.38629  1.38629  1.38629
          0.00004 10.84334 10.84334  1.46634  0.26236  1.09861  0.40547
     97   1.23256  1.70580  1.72132  1.05556     97 t - - -
          1.38629  1.38629  1.38629  1.38629
          0.00004 10.84334 10.84334  1.46634  0.26236  1.09861  0.40547
     98   1.26023  1.69807  1.69936  1.04818     98 t - - -
          1.38629  1.38629  1.38629  1.38629
          0.00004 10.84334 10.84334  1.46634  0.26236  1.09861  0.40547
     99   1.28082  1.66663  1.69463  1.05085     99 t - - -
          1.38629  1.38629  1.38629  1.38629
          0.00004 10.84334 10.84334  1.46634  0.26236  1.09861  0.40547
    100   1.24023  1.64334  1.67244  1.10999    100 t - - -
          1.38629  1.38629  1.38629  1.38629
          0.00004 10.84334 10.84334  1.46634  0.26236  1.09861  0.40547
    101   1.25400  1.71555  1.66209  1.06411    101 t - - -
          1.38629  1.38629  1.38629  1.38629
          0.00004 10.84334 10.84334  1.46634  0.26236  1.09861  0.40547
    102   1.26677  1.65184  1.66418  1.08703    102 t - - -
          1.38629  1.38629  1.38629  1.38629
          0.00004 10.84334 10.84334  1.46634  0.26236  1.09861  0.40547
    103   1.20390  1.63249  1.72325  1.12070    103 t - - -
          1.38629  1.38629  1.38629  1.38629
          0.00004 10.84334 10.84334  1.46634  0.26236  1.09861  0.40547
    104   1.22594  1.71554  1.65124  1.09410    104 t - - -
          1.38629  1.38629  1.38629  1.38629
          0.00004 10.84334 10.84334  1.46634  0.26236  1.09861  0.40547
    105   1.21955  1.68323  1.67974  1.10129    105 t - - -
          1.38629  1.38629  1.38629  1.38629
          0.00004 10.84334 10.84334  1.46634  0.26236  1.09861  0.40547
    106   1.22510  1.68577  1.64734  1.11349    106 t - - -
          1.38629  1.38629  1.38629  1.38629
          0.00004 10.84334 10.84334  1.46634  0.26236  1.09861  0.40547
    107   1.20354  1.71777  1.69157  1.09013    107 t - - -
          1.38629  1.38629  1.38629  1.38629
          0.00004 10.84334 10.84334  1.46634  0.26236  1.09861  0.40547
    108   1.18565  1.65460  1.64563  1.16991    108 t - - -
          1.38629  1.38629  1.38629  1.38629
          0.00004 10.84334 10.84334  1.46634  0.26236  1.09861  0.40547
    109   1.18794  1.68613  1.67588  1.13080    109 t - - -
          1.38629  1.38629  1.38629  1.38629
          0.00004 10.84334 10.84334  1.46634  0.26236  1.09861  0.40547
    110   1.18633  1.68416  1.66479  1.13996    110 t - - -
          1.38629  1.38629  1.38629  1.38629
          0.00004 10.84334 10.84334  1.46634  0.26236  1.09861  0.40547
    111   1.18495  1.69685  1.63674  1.15086    111 t - - -
          1.38629  1.38629  1.38629  1.38629
          0.00004 10.84334 10.84334  1.46634  0.26236  1.09861  0.40547
    112   1.18803  1.71144  1.64570  1.13415    112 t - - -
          1.38629  1.38629  1.38629  1.38629
          0.00004 10.84334 10.84334  1.46634  0.26236  1.09861  0.40547
    113   1.16655  1.72221  1.66568  1.13685    113 t - - -
          1.38629  1.38629  1.38629  1.38629
          0.00004 10.84334 10.84334  1.46634  0.26236  1.09861  0.40547
    114   1.18664  1.69352  1.66317  1.13523    114 t - - -
          1.38629  1.38629  1.38629  1.38629
          0.00004 10.84334 10.84334  1.46634  0.26236  1.09861  0.40547
    115   1.14658  1.66647  1.68017  1.18083    115 a - - -
          1.38629  1.38629  1.38629  1.38629
          0.00004 10.84334 10.84334  1.46634  0.26236  1.09861  0.40547
    116   1.16866  1.70835  1.65323  1.15004    116 t - - -
          1.38629  1.38629  1.38629  1.38629
          0.00004 10.84334 10.84334  1.46634  0.26236  1.09861  0.40547
    117   1.10260  1.73497  1.72783  1.15862    117 a - - -
          1.38629  1.38629  1.38629  1.38629
          0.00004 10.84334 10.84334  1.46634  0.26236  1.09861  0.40547
    118   1.07861  1.78478  1.67355  1.18902    118 a - - -
          1.38629  1.38629  1.38629  1.38629
          0.00004 10.84334 10.84334  1.46634  0.26236  1.09861  0.40547
    119   1.10767  1.76829  1.65678  1.17669    119 a - - -
          1.38629  1.38629  1.38629  1.38629
          0.00004 10.84334 10.84334  1.46634  0.26236  1.09861  0.40547
    120   1.10753  1.75261  1.68895  1.16607    120 a - - -
          1.38629  1.38629  1.38629  1.38629
          0.00004 10.84334 10.84334  1.46634  0.26236  1.09861  0.40547
    121   1.09771  1.69551  1.71249  1.19586    121 a - - -
          1.38629  1.38629  1.38629  1.38629
          0.00004 10.84334 10.84334  1.46634  0.26236  1.09861  0.40547
    122   1.08464  1.82901  1.64534  1.17617    122 a - - -
          1.38629  1.38629  1.38629  1.38629
          0.00004 10.84334 10.84334  1.46634  0.26236  1.09861  0.40547
    123   1.03980  1.85742  1.68325  1.18866    123 a - - -
          1.38629  1.38629  1.38629  1.38629
          0.00004 10.84334 10.84334  1.46634  0.26236  1.09861  0.40547
    124   1.08770  1.77020  1.66290  1.19363    124 a - - -
          1.38629  1.38629  1.38629  1.38629
          0.00004 10.84334 10.84334  1.46634  0.26236  1.09861  0.40547
    125   1.02857  1.83756  1.69503  1.20503    125 a - - -
          1.38629  1.38629  1.38629  1.38629
          0.00004 10.84334 10.84334  1.46634  0.26236  1.09861  0.40547
    126   1.02129  1.79175  1.72103  1.22309    126 a - - -
          1.38629  1.38629  1.38629  1.38629
          0.00004 10.84334 10.84334  1.46634  0.26236  1.09861  0.40547
    127   0.99233  1.89072  1.69516  1.22161    127 a - - -
          1.38629  1.38629  1.38629  1.38629
          0.00004 10.84334 10.84334  1.46634  0.26236  1.09861  0.40547
    128   1.02793  1.86627  1.67788  1.20136    128 a - - -
          1.38629  1.38629  1.38629  1.38629
          0.00004 10.84334 10.84334  1.46634  0.26236  1.09861  0.40547
    129   0.99730  1.82620  1.69072  1.25277    129 a - - -
          1.38629  1.38629  1.38629  1.38629
          0.00004 10.84334 10.84334  1.46634  0.26236  1.09861  0.40547
    130   0.99160  1.93381  1.64566  1.23259    130 a - - -
          1.38629  1.38629  1.38629  1.38629
          0.00004 10.84334 10.84334  1.46634  0.26236  1.09861  0.40547
    131   1.01425  1.86046  1.69159  1.21234    131 a - - -
          1.38629  1.38629  1.38629  1.38629
          0.00004 10.84334 10.84334  1.46634  0.26236  1.09861  0.40547
    132   0.97609  1.86563  1.69942  1.25306    132 a - - -
          1.38629  1.38629  1.38629  1.38629
          0.00004 10.84334 10.84334  1.46634  0.26236  1.09861  0.40547
    133   0.94256  1.91011  1.70314  1.27227    133 a - - -
          1.38629  1.38629  1.38629  1.38629
          0.00004 10.84334 10.84334  1.46634  0.26236  1.09861  0.40547
    134   0.95861  1.87998  1.75828  1.23224    134 a - - -
          1.38629  1.38629  1.38629  1.38629
          0.00004 10.84334 10.84334  1.46634  0.26236  1.09861  0.40547
    135   0.97277  1.85393  1.71415  1.25447    135 a - - -
          1.38629  1.38629  1.38629  1.38629
          0.00004 10.84334 10.84334  1.46634  0.26236  1.09861  0.40547
    136   0.98594  1.94872  1.69624  1.20037    136 a - - -
          1.38629  1.38629  1.38629  1.38629
          0.00004 10.84334 10.84334  1.46634  0.26236  1.09861  0.40547
    137   0.98020  1.85921  1.75103  1.21952    137 a - - -
          1.38629  1.38629  1.38629  1.38629
          0.00004 10.84334 10.84334  1.46634  0.26236  1.09861  0.40547
    138   0.92825  1.92802  1.74738  1.25495    138 a - - -
          1.38629  1.38629  1.38629  1.38629
          0.00004 10.84334 10.84334  1.46634  0.26236  1.09861  0.40547
    139   0.91614  1.99586  1.79001  1.21373    139 a - - -
          1.38629  1.38629  1.38629  1.38629
          0.00004 10.84334 10.84334  1.46634  0.26236  1.09861  0.40547
    140   0.93866  1.98976  1.76022  1.20360    140 a - - -
          1.38629  1.38629  1.38629  1.38629
          0.00004 10.84334 10.84334  1.46634  0.26236  1.09861  0.40547
    141   0.90895  1.92099  1.81225  1.24721    141 a - - -
          1.38629  1.38629  1.38629  1.38629
          0.00004 10.84334 10.84334  1.46634  0.26236  1.09861  0.40547
    142   0.91765  1.95198  1.76455  1.24727    142 a - - -
          1.38629  1.38629  1.38629  1.38629
          0.00004 10.84334 10.84334  1.46634  0.26236  1.09861  0.40547
    143   0.89458  1.95024  1.74597  1.29279    143 a - - -
          1.38629  1.38629  1.38629  1.38629
          0.00004 10.84334 10.84334  1.46634  0.26236  1.09861  0.40547
    144   0.92424  1.93913  1.76646  1.24340    144 a - - -
          1.38629  1.38629  1.38629  1.38629
          0.00004 10.84334 10.84334  1.46634  0.26236  1.09861  0.40547
    145   0.92481  1.98692  1.73463  1.23853    145 a - - -
          1.38629  1.38629  1.38629  1.38629
          0.00004 10.84334 10.84334  1.46634  0.26236  1.09861  0.40547
    146   0.94606  1.90249  1.75220  1.24083    146 a - - -
          1.38629  1.38629  1.38629  1.38629
          0.00004 10.84334 10.84334  1.46634  0.26236  1.09861  0.40547
    147   0.90775  1.96386  1.76463  1.25526    147 a - - -
          1.38629  1.38629  1.38629  1.38629
          0.00004 10.84334 10.84334  1.46634  0.26236  1.09861  0.40547
    148   0.95637  1.84360  1.72331  1.27656    148 a - - -
          1.38629  1.38629  1.38629  1.38629
          0.00004 10.84334 10.84334  1.46634  0.26236  1.09861  0.40547
    149   0.96361  1.88052  1.69111  1.26705    149 a - - -
          1.38629  1.38629  1.38629  1.38629
          0.00004 10.84334 10.84334  1.46634  0.26236  1.09861  0.40547
    150   0.93833  1.92692  1.75459  1.23738    150 a - - -
          1.38629  1.38629  1.38629  1.38629
          0.00004 10.84334 10.84334  1.46634  0.26236  1.09861  0.40547
    151   0.96966  1.83064  1.67914  1.29483    151 a - - -
          1.38629  1.38629  1.38629  1.38629
          0.00004 10.84334 10.84334  1.46634  0.26236  1.09861  0.40547
    152   0.97048  1.85698  1.72673  1.24795    152 a - - -
          1.38629  1.38629  1.38629  1.38629
          0.00004 10.84334 10.84334  1.46634  0.26236  1.09861  0.40547
    153   0.98597  1.79590  1.74251  1.25224    153 a - - -
          1.38629  1.38629  1.38629  1.38629
          0.00004 10.84334 10.84334  1.46634  0.26236  1.09861  0.40547
    154   1.01746  1.87878  1.67725  1.20790    154 a - - -
          1.38629  1.38629  1.38629  1.38629
          0.00004 10.84334 10.84334  1.46634  0.26236  1.09861  0.40547
    155   1.04699  1.83644  1.69170  1.18608    155 a - - -
          1.38629  1.38629  1.38629  1.38629
          0.00004 10.84334 10.84334  1.46634  0.26236  1.09861  0.40547
    156   1.01131  1.84384  1.70960  1.21365    156 a - - -
          1.38629  1.38629  1.38629  1.38629
          0.00004 10.84334 10.84334  1.46634  0.26236  1.09861  0.40547
    157   1.02153  1.78267  1.71346  1.23263    157 a - - -
          1.38629  1.38629  1.38629  1.38629
          0.00004 10.84334 10.84334  1.46634  0.26236  1.09861  0.40547
    158   1.03630  1.83943  1.71729  1.18165    158 a - - -
          1.38629  1.38629  1.38629  1.38629
          0.00004 10.84334 10.84334  1.46634  0.26236  1.09861  0.40547
    159   1.00932  1.83061  1.72403  1.21446    159 a - - -
          1.38629  1.38629  1.38629  1.38629
          0.00004 10.84334 10.84334  1.46634  0.26236  1.09861  0.40547
    160   1.04622  1.82472  1.70680  1.18408    160 a - - -
          1.38629  1.38629  1.38629  1.38629
          0.00004 10.84334 10.84334  1.46634  0.26236  1.09861  0.40547
    161   1.07712  1.75802  1.69943  1.18990    161 a - - -
          1.38629  1.38629  1.38629  1.38629
          0.00004 10.84334 10.84334  1.46634  0.26236  1.09861  0.40547
    162   1.04392  1.83601  1.69113  1.19018    162 a - - -
          1.38629  1.38629  1.38629  1.38629
          0.00004 10.84334 10.84334  1.46634  0.26236  1.09861  0.40547
    163   1.06938  1.83068  1.71330  1.15137    163 a - - -
          1.38629  1.38629  1.38629  1.38629
          0.00004 10.84334 10.84334  1.46634  0.26236  1.09861  0.40547
    164   1.06141  1.78182  1.72071  1.18168    164 a - - -
          1.38629  1.38629  1.38629  1.38629
          0.00004 10.84334 10.84334  1.46634  0.26236  1.09861  0.40547
    165   1.09707  1.76500  1.69550  1.16649    165 a - - -
          1.38629  1.38629  1.38629  1.38629
          0.00004 10.84334 10.84334  1.46634  0.26236  1.09861  0.40547
    166   1.08638  1.74634  1.74981  1.15726    166 a - - -
          1.38629  1.38629  1.38629  1.38629
          0.00004 10.84334 10.84334  1.46634  0.26236  1.09861  0.40547
    167   1.09434  1.78469  1.75682  1.12456    167 a - - -
          1.38629  1.38629  1.38629  1.38629
          0.00004 10.84334 10.84334  1.46634  0.26236  1.09861  0.40547
    168   1.07959  1.79922  1.73126  1.14640    168 a - - -
          1.38629  1.38629  1.38629  1.38629
          0.00004 10.84334 10.84334  1.46634  0.26236  1.09861  0.40547
    169   1.07470  1.80517  1.71877  1.15561    169 a - - -
          1.38629  1.38629  1.38629  1.38629
          0.00004 10.84334 10.84334  1.46634  0.26236  1.09861  0.40547
    170   1.07872  1.82011  1.70536  1.15121    170 a - - -
          1.38629  1.38629  1.38629  1.38629
          0.00004 10.84334 10.84334  1.46634  0.26236  1.09861  0.40547
    171   1.10035  1.85807  1.68873  1.11927    171 a - - -
          1.38629  1.38629  1.38629  1.38629
          0.00004 10.84334 10.84334  1.46634  0.26236  1.09861  0.40547
    172   1.07145  1.86263  1.75180  1.11241    172 a - - -
          1.38629  1.38629  1.38629  1.38629
          0.00004 10.84334 10.84334  1.46634  0.26236  1.09861  0.40547
    173   1.08939  1.82683  1.72851  1.12360    173 a - - -
          1.38629  1.38629  1.38629  1.38629
          0.00004 10.84334 10.84334  1.46634  0.26236  1.09861  0.40547
    174   1.13162  1.79853  1.74705  1.08572    174 t - - -
          1.38629  1.38629  1.38629  1.38629
          0.00004 10.84334 10.84334  1.46634  0.26236  1.09861  0.40547
    175   1.12401  1.81948  1.73464  1.08930    175 t - - -
          1.38629  1.38629  1.38629  1.38629
          0.00004 10.84334 10.84334  1.46634  0.26236  1.09861  0.40547
    176   1.11737  1.78453  1.75942  1.10009    176 t - - -
          1.38629  1.38629  1.38629  1.38629
          0.00004 10.84334 10.84334  1.46634  0.26236  1.09861  0.40547
    177   1.12282  1.78407  1.79180  1.07873    177 t - - -
          1.38629  1.38629  1.38629  1.38629
          0.00004 10.84334 10.84334  1.46634  0.26236  1.09861  0.40547
    178   1.11140  1.75618  1.81996  1.09015    178 t - - -
          1.38629  1.38629  1.38629  1.38629
          0.00004 10.84334 10.84334  1.46634  0.26236  1.09861  0.40547
    179   1.12377  1.83058  1.75430  1.07412    179 t - - -
          1.38629  1.38629  1.38629  1.38629
          0.00004 10.84334 10.84334  1.46634  0.26236  1.09861  0.40547
    180   1.14095  1.76395  1.77235  1.08121    180 t - - -
          1.38629  1.38629  1.38629  1.38629
          0.00004 10.84334 10.84334  1.46634  0.26236  1.09861  0.40547
    181   1.12759  1.77368  1.79320  1.07865    181 t - - -
          1.38629  1.38629  1.38629  1.38629
          0.00004 10.84334 10.84334  1.46634  0.26236  1.09861  0.40547
    182   1.13660  1.80538  1.74937  1.07647    182 t - - -
          1.38629  1.38629  1.38629  1.38629
          0.00004 10.84334 10.84334  1.46634  0.26236  1.09861  0.40547
    183   1.11820  1.74486  1.80754  1.09540    183 t - - -
          1.38629  1.38629  1.38629  1.38629
          0.00004 10.84334 10.84334  1.46634  0.26236  1.09861  0.40547
    184   1.07876  1.74819  1.84714  1.11411    184 a - - -
          1.38629  1.38629  1.38629  1.38629
          0.00004 10.84334 10.84334  1.46634  0.26236  1.09861  0.40547
    185   1.09036  1.75363  1.79214  1.12653    185 a - - -
          1.38629  1.38629  1.38629  1.38629
          0.00004 10.84334 10.84334  1.46634  0.26236  1.09861  0.40547
    186   1.07399  1.71725  1.76537  1.17871    186 a - - -
          1.38629  1.38629  1.38629  1.38629
          0.00004 10.84334 10.84334  1.46634  0.26236  1.09861  0.40547
    187   0.99386  1.81862  1.73085  1.23625    187 a - - -
          1.38629  1.38629  1.38629  1.38629
          0.00004 10.84334 10.84334  1.46634  0.26236  1.09861  0.40547
    188   1.05622  1.82411  1.68050  1.18879    188 a - - -
          1.38629  1.38629  1.38629  1.38629
          0.00004 10.84334 10.84334  1.46634  0.26236  1.09861  0.40547
    189   1.08179  1.78486  1.61725  1.22164    189 a - - -
          1.38629  1.38629  1.38629  1.38629
          0.00004 10.84334 10.84334  1.46634  0.26236  1.09861  0.40547
    190   1.12223  1.56838  1.71055  1.25422    190 a - - -
          1.38629  1.38629  1.38629  1.38629
          0.00004 10.84334 10.84334  1.46634  0.26236  1.09861  0.40547
    191   0.96349  1.72646  1.69723  1.35737    191 a - - -
          1.38629  1.38629  1.38629  1.38629
          0.00004 10.84334 10.84334  1.46634  0.26236  1.09861  0.40547
    192   0.76028  1.84387  1.82933  1.54299    192 a - - -
          1.38629  1.38629  1.38629  1.38629
          0.00004 10.84334 10.84334  1.46634  0.26236  1.09861  0.40547
    193   0.33349  2.73033  2.06833  2.38612    193 a - - -
          1.38629  1.38629  1.38629  1.38629
          0.00004 10.84334 10.84334  1.46634  0.26236  1.09861  0.40547
    194   0.76903  2.19844  1.40938  1.70779    194 a - - -
          1.38629  1.38629  1.38629  1.38629
          0.00004 10.84334 10.84334  1.46634  0.26236  1.09861  0.40547
    195   0.79920  1.94783  1.56979  1.61125    195 a - - -
          1.38629  1.38629  1.38629  1.38629
          0.00004 10.84334 10.84334  1.46634  0.26236  1.09861  0.40547
    196   0.83580  1.96981  1.69912  1.41000    196 a - - -
          1.38629  1.38629  1.38629  1.38629
          0.00004 10.84334 10.84334  1.46634  0.26236  1.09861  0.40547
    197   0.91819  1.48631  1.62317  1.73002    197 a - - -
          1.38629  1.38629  1.38629  1.38629
          0.00004 10.84334 10.84334  1.46634  0.26236  1.09861  0.40547
    198   0.77609  2.06386  1.47919  1.68732    198 a - - -
          1.38629  1.38629  1.38629  1.38629
          0.00004 10.84334 10.84334  1.46634  0.26236  1.09861  0.40547
    199   1.35674  1.37878  1.40024  1.41026    199 a - - -
          1.38629  1.38629  1.38629  1.38629
          0.00004 10.84334 10.84334  1.46634  0.26236  1.09861  0.40547
    200   3.53709  0.60470  4.18858  0.89283    200 c - - -
          1.38629  1.38629  1.38629  1.38629
          0.00004 10.84334 10.84334  1.46634  0.26236  1.09861  0.40547
    201   0.23804  3.73279  1.78660  3.89367    201 a - - -
          1.38629  1.38629  1.38629  1.38629
          0.00004 10.84334 10.84334  1.46634  0.26236  1.09861  0.40547
    202   0.75480  2.21066  1.98682  1.26184    202 a - - -
          1.38629  1.38629  1.38629  1.38629
          0.00004 10.84334 10.84334  1.46634  0.26236  1.09861  0.40547
    203   1.18552  1.57161  1.22522  1.64501    203 a - - -
          1.38629  1.38629  1.38629  1.38629
          0.00004 10.84334 10.84334  1.46634  0.26236  1.09861  0.40547
    204   1.08651  1.58303  1.36721  1.59731    204 a - - -
          1.38629  1.38629  1.38629  1.38629
          0.00004 10.84334 10.84334  1.46634  0.26236  1.09861  0.40547
    205   0.90519  1.74267  1.52076  1.59979    205 a - - -
          1.38629  1.38629  1.38629  1.38629
          0.00004 10.84334 10.84334  1.46634  0.26236  1.09861  0.40547
    206   0.96768  1.68485  1.63604  1.42788    206 a - - -
          1.38629  1.38629  1.38629  1.38629
          0.00004 10.84334 10.84334  1.46634  0.26236  1.09861  0.40547
    207   0.87827  1.77112  1.61307  1.53675    207 a - - -
          1.38629  1.38629  1.38629  1.38629
          0.00004 10.84334 10.84334  1.46634  0.26236  1.09861  0.40547
    208   0.85485  1.85524  1.80720  1.36994    208 a - - -
          1.38629  1.38629  1.38629  1.38629
          0.00004 10.84334 10.84334  1.46634  0.26236  1.09861  0.40547
    209   0.92975  1.84904  1.76145  1.28676    209 a - - -
          1.38629  1.38629  1.38629  1.38629
          0.00004 10.84334 10.84334  1.46634  0.26236  1.09861  0.40547
    210   1.04639  1.72665  1.69643  1.24626    210 a - - -
          1.38629  1.38629  1.38629  1.38629
          0.00004 10.84334 10.84334  1.46634  0.26236  1.09861  0.40547
    211   1.01465  1.76800  1.58397  1.34080    211 a - - -
          1.38629  1.38629  1.38629  1.38629
          0.00004 10.84334 10.84334  1.46634  0.26236  1.09861  0.40547
    212   1.07520  1.66178  1.59377  1.32497    212 a - - -
          1.38629  1.38629  1.38629  1.38629
          0.00004 10.84334 10.84334  1.46634  0.26236  1.09861  0.40547
    213   1.04524  1.69196  1.61527  1.32653    213 a - - -
          1.38629  1.38629  1.38629  1.38629
          0.00004 10.84334 10.84334  1.46634  0.26236  1.09861  0.40547
    214   1.06509  1.68301  1.59634  1.32106    214 a - - -
          1.38629  1.38629  1.38629  1.38629
          0.00004 10.84334 10.84334  1.46634  0.26236  1.09861  0.40547
    215   1.08697  1.62252  1.61587  1.32185    215 a - - -
          1.38629  1.38629  1.38629  1.38629
          0.00004 10.84334 10.84334  1.46634  0.26236  1.09861  0.40547
    216   1.06504  1.66945  1.60808  1.32177    216 a - - -
          1.38629  1.38629  1.38629  1.38629
          0.00004 10.84334 10.84334  1.46634  0.26236  1.09861  0.40547
    217   0.88751  1.81769  1.73545  1.38791    217 a - - -
          1.38629  1.38629  1.38629  1.38629
          0.00004 10.84334 10.84334  1.46634  0.26236  1.09861  0.40547
    218   1.12360  1.64220  1.66313  1.23170    218 a - - -
          1.38629  1.38629  1.38629  1.38629
          0.00004 10.84334 10.84334  1.46634  0.26236  1.09861  0.40547
    219   0.93419  1.81344  1.71204  1.33367    219 a - - -
          1.38629  1.38629  1.38629  1.38629
          0.00004 10.84334 10.84334  1.46634  0.26236  1.09861  0.40547
    220   0.91842  1.81345  1.77660  1.31473    220 a - - -
          1.38629  1.38629  1.38629  1.38629
          0.00004 10.84334 10.84334  1.46634  0.26236  1.09861  0.40547
    221   1.01159  1.67725  1.68462  1.33197    221 a - - -
          1.38629  1.38629  1.38629  1.38629
          0.00004 10.84334 10.84334  1.46634  0.26236  1.09861  0.40547
    222   1.06280  1.64091  1.66646  1.30271    222 a - - -
          1.38629  1.38629  1.38629  1.38629
          0.00004 10.84334 10.84334  1.46634  0.26236  1.09861  0.40547
    223   1.06465  1.72409  1.60565  1.28715    223 a - - -
          1.38629  1.38629  1.38629  1.38629
          0.00004 10.84334 10.84334  1.46634  0.26236  1.09861  0.40547
    224   1.08498  1.71905  1.57010  1.29160    224 a - - -
          1.38629  1.38629  1.38629  1.38629
          0.00004 10.84334 10.84334  1.46634  0.26236  1.09861  0.40547
    225   1.08685  1.68023  1.50760  1.36668    225 a - - -
          1.38629  1.38629  1.38629  1.38629
          0.00004 10.84334 10.84334  1.46634  0.26236  1.09861  0.40547
    226   1.11289  1.61799  1.57740  1.32206    226 a - - -
          1.38629  1.38629  1.38629  1.38629
          0.00004 10.84334 10.84334  1.46634  0.26236  1.09861  0.40547
    227   1.09851  1.54754  1.65835  1.33404    227 a - - -
          1.38629  1.38629  1.38629  1.38629
          0.00004 10.84334 10.84334  1.46634  0.26236  1.09861  0.40547
    228   1.07022  1.63611  1.70122  1.27344    228 a - - -
          1.38629  1.38629  1.38629  1.38629
          0.00004 10.84334 10.84334  1.46634  0.26236  1.09861  0.40547
    229   1.01316  1.77411  1.72530  1.24071    229 a - - -
          1.38629  1.38629  1.38629  1.38629
          0.00004 10.84334 10.84334  1.46634  0.26236  1.09861  0.40547
    230   1.00875  1.70646  1.76068  1.26624    230 a - - -
          1.38629  1.38629  1.38629  1.38629
          0.00004 10.84334 10.84334  1.46634  0.26236  1.09861  0.40547
    231   0.99033  1.67603  1.77708  1.30086    231 a - - -
          1.38629  1.38629  1.38629  1.38629
          0.00004 10.84334 10.84334  1.46634  0.26236  1.09861  0.40547
    232   1.03076  1.70164  1.70777  1.27436    232 a - - -
          1.38629  1.38629  1.38629  1.38629
          0.00004 10.84334 10.84334  1.46634  0.26236  1.09861  0.40547
    233   1.06371  1.70442  1.60933  1.29855    233 a - - -
          1.38629  1.38629  1.38629  1.38629
          0.00004 10.84334 10.84334  1.46634  0.26236  1.09861  0.40547
    234   1.08558  1.74412  1.60814  1.24745    234 a - - -
          1.38629  1.38629  1.38629  1.38629
          0.00004 10.84334 10.84334  1.46634  0.26236  1.09861  0.40547
    235   1.07055  1.78047  1.64483  1.21883    235 a - - -
          1.38629  1.38629  1.38629  1.38629
          0.00004 10.84334 10.84334  1.46634  0.26236  1.09861  0.40547
    236   1.08635  1.70099  1.60420  1.27654    236 a - - -
          1.38629  1.38629  1.38629  1.38629
          0.00004 10.84334 10.84334  1.46634  0.26236  1.09861  0.40547
    237   1.08657  1.70453  1.61604  1.26554    237 a - - -
          1.38629  1.38629  1.38629  1.38629
          0.00004 10.84334 10.84334  1.46634  0.26236  1.09861  0.40547
    238   1.03738  1.76781  1.65492  1.25947    238 a - - -
          1.38629  1.38629  1.38629  1.38629
          0.00004 10.84334 10.84334  1.46634  0.26236  1.09861  0.40547
    239   1.05621  1.68918  1.68972  1.26236    239 a - - -
          1.38629  1.38629  1.38629  1.38629
          0.00004 10.84334 10.84334  1.46634  0.26236  1.09861  0.40547
    240   1.04400  1.77478  1.66789  1.23859    240 a - - -
          1.38629  1.38629  1.38629  1.38629
          0.00004 10.84334 10.84334  1.46634  0.26236  1.09861  0.40547
    241   1.07042  1.76360  1.60466  1.25614    241 a - - -
          1.38629  1.38629  1.38629  1.38629
          0.00004 10.84334 10.84334  1.46634  0.26236  1.09861  0.40547
    242   1.08545  1.67104  1.68660  1.24116    242 a - - -
          1.38629  1.38629  1.38629  1.38629
          0.00004 10.84334 10.84334  1.46634  0.26236  1.09861  0.40547
    243   1.09061  1.68473  1.64291  1.25500    243 a - - -
          1.38629  1.38629  1.38629  1.38629
          0.00004 10.84334 10.84334  1.46634  0.26236  1.09861  0.40547
    244   1.06059  1.74063  1.63344  1.26201    244 a - - -
          1.38629  1.38629  1.38629  1.38629
          0.00004 10.84334 10.84334  1.46634  0.26236  1.09861  0.40547
    245   1.01149  1.79116  1.72306  1.23431    245 a - - -
          1.38629  1.38629  1.38629  1.38629
          0.00004 10.84334 10.84334  1.46634  0.26236  1.09861  0.40547
    246   1.07182  1.71429  1.67617  1.23638    246 a - - -
          1.38629  1.38629  1.38629  1.38629
          0.00004 10.84334 10.84334  1.46634  0.26236  1.09861  0.40547
    247   1.11077  1.68855  1.63715  1.23315    247 a - - -
          1.38629  1.38629  1.38629  1.38629
          0.00004 10.84334 10.84334  1.46634  0.26236  1.09861  0.40547
    248   1.11816  1.69401  1.63688  1.22162    248 a - - -
          1.38629  1.38629  1.38629  1.38629
          0.00004 10.84334 10.84334  1.46634  0.26236  1.09861  0.40547
    249   1.10844  1.65051  1.68815  1.22719    249 a - - -
          1.38629  1.38629  1.38629  1.38629
          0.00004 10.84334 10.84334  1.46634  0.26236  1.09861  0.40547
    250   1.07982  1.74542  1.60616  1.25487    250 a - - -
          1.38629  1.38629  1.38629  1.38629
          0.00004 10.84334 10.84334  1.46634  0.26236  1.09861  0.40547
    251   1.09353  1.67431  1.63133  1.26634    251 a - - -
          1.38629  1.38629  1.38629  1.38629
          0.00004 10.84334 10.84334  1.46634  0.26236  1.09861  0.40547
    252   1.11901  1.62105  1.67870  1.24101    252 a - - -
          1.38629  1.38629  1.38629  1.38629
          0.00004 10.84334 10.84334  1.46634  0.26236  1.09861  0.40547
    253   1.07979  1.71765  1.65821  1.23662    253 a - - -
          1.38629  1.38629  1.38629  1.38629
          0.00004 10.84334 10.84334  1.46634  0.26236  1.09861  0.40547
    254   1.09735  1.64275  1.69354  1.24157    254 a - - -
          1.38629  1.38629  1.38629  1.38629
          0.00004 10.84334 10.84334  1.46634  0.26236  1.09861  0.40547
    255   1.11222  1.63153  1.66958  1.24752    255 a - - -
          1.38629  1.38629  1.38629  1.38629
          0.00004 10.84334 10.84334  1.46634  0.26236  1.09861  0.40547
    256   1.11027  1.67454  1.61488  1.25800    256 a - - -
          1.38629  1.38629  1.38629  1.38629
          0.00004 10.84334 10.84334  1.46634  0.26236  1.09861  0.40547
    257   1.10951  1.70004  1.60538  1.24900    257 a - - -
          1.38629  1.38629  1.38629  1.38629
          0.00004 10.84334 10.84334  1.46634  0.26236  1.09861  0.40547
    258   1.09345  1.68262  1.62451  1.26568    258 a - - -
          1.38629  1.38629  1.38629  1.38629
          0.00004 10.84334 10.84334  1.46634  0.26236  1.09861  0.40547
    259   1.08588  1.66958  1.61267  1.29202    259 a - - -
          1.38629  1.38629  1.38629  1.38629
          0.00004 10.84334 10.84334  1.46634  0.26236  1.09861  0.40547
    260   1.10022  1.63958  1.65919  1.26285    260 a - - -
          1.38629  1.38629  1.38629  1.38629
          0.00004 10.84334 10.84334  1.46634  0.26236  1.09861  0.40547
    261   1.12849  1.69006  1.61469  1.22751    261 a - - -
          1.38629  1.38629  1.38629  1.38629
          0.00004 10.84334 10.84334  1.46634  0.26236  1.09861  0.40547
    262   1.12618  1.68668  1.63633  1.21773    262 a - - -
          1.38629  1.38629  1.38629  1.38629
          0.00004 10.84334 10.84334  1.46634  0.26236  1.09861  0.40547
    263   1.10507  1.67406  1.60296  1.27286    263 a - - -
          1.38629  1.38629  1.38629  1.38629
          0.00004 10.84334 10.84334  1.46634  0.26236  1.09861  0.40547
    264   1.10500  1.65590  1.59001  1.29484    264 a - - -
          1.38629  1.38629  1.38629  1.38629
          0.00004 10.84334 10.84334  1.46634  0.26236  1.09861  0.40547
    265   1.11731  1.66323  1.64604  1.23614    265 a - - -
          1.38629  1.38629  1.38629  1.38629
          0.00004 10.84334 10.84334  1.46634  0.26236  1.09861  0.40547
    266   1.11009  1.62074  1.59276  1.31172    266 a - - -
          1.38629  1.38629  1.38629  1.38629
          0.00004 10.84334 10.84334  1.46634  0.26236  1.09861  0.40547
    267   1.10883  1.70528  1.62330  1.23413    267 a - - -
          1.38629  1.38629  1.38629  1.38629
          0.00004 10.84334 10.84334  1.46634  0.26236  1.09861  0.40547
    268   1.12213  1.72403  1.53230  1.27286    268 a - - -
          1.38629  1.38629  1.38629  1.38629
          0.00004 10.84334 10.84334  1.46634  0.26236  1.09861  0.40547
    269   1.11764  1.67517  1.65203  1.22414    269 a - - -
          1.38629  1.38629  1.38629  1.38629
          0.00004 10.84334 10.84334  1.46634  0.26236  1.09861  0.40547
    270   1.15642  1.60491  1.60129  1.26286    270 a - - -
          1.38629  1.38629  1.38629  1.38629
          0.00004 10.84334 10.84334  1.46634  0.26236  1.09861  0.40547
    271   1.06956  1.63141  1.66639  1.30100    271 a - - -
          1.38629  1.38629  1.38629  1.38629
          0.00004 10.84334 10.84334  1.46634  0.26236  1.09861  0.40547
    272   1.14773  1.58753  1.60464  1.28284    272 a - - -
          1.38629  1.38629  1.38629  1.38629
          0.00004 10.84334 10.84334  1.46634  0.26236  1.09861  0.40547
    273   1.10949  1.62990  1.63055  1.27833    273 a - - -
          1.38629  1.38629  1.38629  1.38629
          0.00004 10.84334 10.84334  1.46634  0.26236  1.09861  0.40547
    274   1.10796  1.63996  1.59697  1.29729    274 a - - -
          1.38629  1.38629  1.38629  1.38629
          0.00004 10.84334 10.84334  1.46634  0.26236  1.09861  0.40547
    275   1.10239  1.66057  1.60867  1.28107    275 a - - -
          1.38629  1.38629  1.38629  1.38629
          0.00004 10.84334 10.84334  1.46634  0.26236  1.09861  0.40547
    276   1.08758  1.66637  1.61094  1.29339    276 a - - -
          1.38629  1.38629  1.38629  1.38629
          0.00004 10.84334 10.84334  1.46634  0.26236  1.09861  0.40547
    277   1.10049  1.64101  1.61468  1.29260    277 a - - -
          1.38629  1.38629  1.38629  1.38629
          0.00004 10.84334 10.84334  1.46634  0.26236  1.09861  0.40547
    278   1.10156  1.62670  1.61672  1.30005    278 a - - -
          1.38629  1.38629  1.38629  1.38629
          0.00004 10.84334 10.84334  1.46634  0.26236  1.09861  0.40547
    279   1.09920  1.65198  1.59445  1.30133    279 a - - -
          1.38629  1.38629  1.38629  1.38629
          0.00004 10.84334 10.84334  1.46634  0.26236  1.09861  0.40547
    280   1.16333  1.60029  1.57417  1.27820    280 a - - -
          1.38629  1.38629  1.38629  1.38629
          0.00004 10.84334 10.84334  1.46634  0.26236  1.09861  0.40547
    281   1.15938  1.58110  1.58626  1.28778    281 a - - -
          1.38629  1.38629  1.38629  1.38629
          0.00004 10.84334 10.84334  1.46634  0.26236  1.09861  0.40547
    282   1.15948  1.62156  1.56114  1.27703    282 a - - -
          1.38629  1.38629  1.38629  1.38629
          0.00004 10.84334 10.84334  1.46634  0.26236  1.09861  0.40547
    283   1.13275  1.64266  1.57357  1.28342    283 a - - -
          1.38629  1.38629  1.38629  1.38629
          0.00004 10.84334 10.84334  1.46634  0.26236  1.09861  0.40547
    284   1.18565  1.59442  1.60232  1.23788    284 a - - -
          1.38629  1.38629  1.38629  1.38629
          0.00004 10.84334 10.84334  1.46634  0.26236  1.09861  0.40547
    285   1.14994  1.56234  1.60820  1.29663    285 a - - -
          1.38629  1.38629  1.38629  1.38629
          0.00004 10.84334 10.84334  1.46634  0.26236  1.09861  0.40547
    286   1.11759  1.60754  1.60539  1.30291    286 a - - -
          1.38629  1.38629  1.38629  1.38629
          0.00004 10.84334 10.84334  1.46634  0.26236  1.09861  0.40547
    287   1.11022  1.56703  1.63758  1.31902    287 a - - -
          1.38629  1.38629  1.38629  1.38629
          0.00004 10.84334 10.84334  1.46634  0.26236  1.09861  0.40547
    288   1.12714  1.58249  1.59710  1.31642    288 a - - -
          1.38629  1.38629  1.38629  1.38629
          0.00004 10.84334 10.84334  1.46634  0.26236  1.09861  0.40547
    289   1.12944  1.64314  1.60461  1.26427    289 a - - -
          1.38629  1.38629  1.38629  1.38629
          0.00004 10.84334 10.84334  1.46634  0.26236  1.09861  0.40547
    290   1.15680  1.60513  1.60738  1.25797    290 a - - -
          1.38629  1.38629  1.38629  1.38629
          0.00004 10.84334 10.84334  1.46634  0.26236  1.09861  0.40547
    291   1.12688  1.59547  1.60456  1.30134    291 a - - -
          1.38629  1.38629  1.38629  1.38629
          0.00004 10.84334 10.84334  1.46634  0.26236  1.09861  0.40547
    292   1.17062  1.59776  1.57724  1.26965    292 a - - -
          1.38629  1.38629  1.38629  1.38629
          0.00004 10.84334 10.84334  1.46634  0.26236  1.09861  0.40547
    293   1.14427  1.59147  1.57881  1.30307    293 a - - -
          1.38629  1.38629  1.38629  1.38629
          0.00004 10.84334 10.84334  1.46634  0.26236  1.09861  0.40547
    294   1.14769  1.54290  1.62317  1.30344    294 a - - -
          1.38629  1.38629  1.38629  1.38629
          0.00004 10.84334 10.84334  1.46634  0.26236  1.09861  0.40547
    295   1.13867  1.62119  1.56646  1.29716    295 a - - -
          1.38629  1.38629  1.38629  1.38629
          0.00004 10.84334 10.84334  1.46634  0.26236  1.09861  0.40547
    296   1.13598  1.61591  1.55417  1.31371    296 a - - -
          1.38629  1.38629  1.38629  1.38629
          0.00004 10.84334 10.84334  1.46634  0.26236  1.09861  0.40547
    297   1.11931  1.55670  1.60376  1.34122    297 a - - -
          1.38629  1.38629  1.38629  1.38629
          0.00004 10.84334 10.84334  1.46634  0.26236  1.09861  0.40547
    298   1.15019  1.57991  1.60379  1.28627    298 a - - -
          1.38629  1.38629  1.38629  1.38629
          0.00004 10.84334 10.84334  1.46634  0.26236  1.09861  0.40547
    299   1.13436  1.59488  1.61136  1.28800    299 a - - -
          1.38629  1.38629  1.38629  1.38629
          0.00004 10.84334 10.84334  1.46634  0.26236  1.09861  0.40547
    300   1.13884  1.57390  1.59090  1.31367    300 a - - -
          1.38629  1.38629  1.38629  1.38629
          0.00004 10.84334 10.84334  1.46634  0.26236  1.09861  0.40547
    301   1.14417  1.58114  1.54079  1.34109    301 a - - -
          1.38629  1.38629  1.38629  1.38629
          0.00004 10.84334 10.84334  1.46634  0.26236  1.09861  0.40547
    302   1.10478  1.61140  1.58141  1.33400    302 a - - -
          1.38629  1.38629  1.38629  1.38629
          0.00004 10.84334 10.84334  1.46634  0.26236  1.09861  0.40547
    303   1.10008  1.54926  1.59860  1.37605    303 a - - -
          1.38629  1.38629  1.38629  1.38629
          0.00004 10.84334 10.84334  1.46634  0.26236  1.09861  0.40547
    304   1.10958  1.57350  1.61940  1.32815    304 a - - -
          1.38629  1.38629  1.38629  1.38629
          0.00004 10.84334 10.84334  1.46634  0.26236  1.09861  0.40547
    305   1.11082  1.58126  1.63378  1.31005    305 a - - -
          1.38629  1.38629  1.38629  1.38629
          0.00004 10.84334 10.84334  1.46634  0.26236  1.09861  0.40547
    306   1.13332  1.62657  1.53630  1.32328    306 a - - -
          1.38629  1.38629  1.38629  1.38629
          0.00004 10.84334 10.84334  1.46634  0.26236  1.09861  0.40547
    307   1.13303  1.57743  1.59184  1.31718    307 a - - -
          1.38629  1.38629  1.38629  1.38629
          0.00004 10.84334 10.84334  1.46634  0.26236  1.09861  0.40547
    308   1.10424  1.63001  1.54845  1.34694    308 a - - -
          1.38629  1.38629  1.38629  1.38629
          0.00004 10.84334 10.84334  1.46634  0.26236  1.09861  0.40547
    309   1.08311  1.60800  1.60476  1.34617    309 a - - -
          1.38629  1.38629  1.38629  1.38629
          0.00004 10.84334 10.84334  1.46634  0.26236  1.09861  0.40547
    310   1.10426  1.59902  1.62075  1.31417    310 a - - -
          1.38629  1.38629  1.38629  1.38629
          0.00004 10.84334 10.84334  1.46634  0.26236  1.09861  0.40547
    311   1.08920  1.59183  1.59075  1.36183    311 a - - -
          1.38629  1.38629  1.38629  1.38629
          0.00004 10.84334 10.84334  1.46634  0.26236  1.09861  0.40547
    312   1.10120  1.57950  1.57038  1.37246    312 a - - -
          1.38629  1.38629  1.38629  1.38629
          0.00004 10.84334 10.84334  1.46634  0.26236  1.09861  0.40547
    313   1.12892  1.62781  1.60385  1.27605    313 a - - -
          1.38629  1.38629  1.38629  1.38629
          0.00004 10.84334 10.84334  1.46634  0.26236  1.09861  0.40547
    314   1.10774  1.56423  1.59893  1.35351    314 a - - -
          1.38629  1.38629  1.38629  1.38629
          0.00004 10.84334 10.84334  1.46634  0.26236  1.09861  0.40547
    315   1.11681  1.54918  1.63128  1.32963    315 a - - -
          1.38629  1.38629  1.38629  1.38629
          0.00004 10.84334 10.84334  1.46634  0.26236  1.09861  0.40547
    316   1.09314  1.56927  1.61372  1.35675    316 a - - -
          1.38629  1.38629  1.38629  1.38629
          0.00004 10.84334 10.84334  1.46634  0.26236  1.09861  0.40547
    317   1.10215  1.58445  1.61596  1.33148    317 a - - -
          1.38629  1.38629  1.38629  1.38629
          0.00004 10.84334 10.84334  1.46634  0.26236  1.09861  0.40547
    318   1.12157  1.57031  1.59582  1.33367    318 a - - -
          1.38629  1.38629  1.38629  1.38629
          0.00004 10.84334 10.84334  1.46634  0.26236  1.09861  0.40547
    319   1.12396  1.59211  1.58314  1.32356    319 a - - -
          1.38629  1.38629  1.38629  1.38629
          0.00004 10.84334 10.84334  1.46634  0.26236  1.09861  0.40547
    320   1.09824  1.57526  1.60216  1.35430    320 a - - -
          1.38629  1.38629  1.38629  1.38629
          0.00004 10.84334 10.84334  1.46634  0.26236  1.09861  0.40547
    321   1.11437  1.59532  1.59002  1.32760    321 a - - -
          1.38629  1.38629  1.38629  1.38629
          0.00004 10.84334 10.84334  1.46634  0.26236  1.09861  0.40547
    322   1.13950  1.56075  1.58971  1.32404    322 a - - -
          1.38629  1.38629  1.38629  1.38629
          0.00004 10.84334 10.84334  1.46634  0.26236  1.09861  0.40547
    323   1.10922  1.59854  1.61357  1.31372    323 a - - -
          1.38629  1.38629  1.38629  1.38629
          0.00004 10.84334 10.84334  1.46634  0.26236  1.09861  0.40547
    324   1.09117  1.61097  1.62477  1.31855    324 a - - -
          1.38629  1.38629  1.38629  1.38629
          0.00004 10.84334 10.84334  1.46634  0.26236  1.09861  0.40547
    325   1.09373  1.59419  1.61465  1.33559    325 a - - -
          1.38629  1.38629  1.38629  1.38629
          0.00004 10.84334 10.84334  1.46634  0.26236  1.09861  0.40547
    326   1.09881  1.60521  1.58512  1.34339    326 a - - -
          1.38629  1.38629  1.38629  1.38629
          0.00004 10.84334 10.84334  1.46634  0.26236  1.09861  0.40547
    327   1.10413  1.61474  1.62796  1.29744    327 a - - -
          1.38629  1.38629  1.38629  1.38629
          0.00004 10.84334 10.84334  1.46634  0.26236  1.09861  0.40547
    328   1.11531  1.62851  1.49764  1.37711    328 a - - -
          1.38629  1.38629  1.38629  1.38629
          0.00004 10.84334 10.84334  1.46634  0.26236  1.09861  0.40547
    329   1.07293  1.65190  1.60160  1.32902    329 a - - -
          1.38629  1.38629  1.38629  1.38629
          0.00004 10.84334 10.84334  1.46634  0.26236  1.09861  0.40547
    330   1.11826  1.59738  1.62429  1.29581    330 a - - -
          1.38629  1.38629  1.38629  1.38629
          0.00004 10.84334 10.84334  1.46634  0.26236  1.09861  0.40547
    331   1.10411  1.56056  1.61141  1.35143    331 a - - -
          1.38629  1.38629  1.38629  1.38629
          0.00004 10.84334 10.84334  1.46634  0.26236  1.09861  0.40547
    332   1.13198  1.63773  1.57789  1.28454    332 a - - -
          1.38629  1.38629  1.38629  1.38629
          0.00004 10.84334 10.84334  1.46634  0.26236  1.09861  0.40547
    333   1.08783  1.63609  1.55905  1.35489    333 a - - -
          1.38629  1.38629  1.38629  1.38629
          0.00004 10.84334 10.84334  1.46634  0.26236  1.09861  0.40547
    334   1.10934  1.62335  1.58462  1.31692    334 a - - -
          1.38629  1.38629  1.38629  1.38629
          0.00004 10.84334 10.84334  1.46634  0.26236  1.09861  0.40547
    335   1.11021  1.64706  1.60478  1.28388    335 a - - -
          1.38629  1.38629  1.38629  1.38629
          0.00004 10.84334 10.84334  1.46634  0.26236  1.09861  0.40547
    336   1.09130  1.63076  1.60341  1.31965    336 a - - -
          1.38629  1.38629  1.38629  1.38629
          0.00004 10.84334 10.84334  1.46634  0.26236  1.09861  0.40547
    337   1.13553  1.57637  1.54063  1.35566    337 a - - -
          1.38629  1.38629  1.38629  1.38629
          0.00004 10.84334 10.84334  1.46634  0.26236  1.09861  0.40547
    338   1.09715  1.58360  1.60153  1.34956    338 a - - -
          1.38629  1.38629  1.38629  1.38629
          0.00004 10.84334 10.84334  1.46634  0.26236  1.09861  0.40547
    339   1.09645  1.56532  1.64275  1.33378    339 a - - -
          1.38629  1.38629  1.38629  1.38629
          0.00004 10.84334 10.84334  1.46634  0.26236  1.09861  0.40547
    340   1.10114  1.58835  1.60237  1.34008    340 a - - -
          1.38629  1.38629  1.38629  1.38629
          0.00004 10.84334 10.84334  1.46634  0.26236  1.09861  0.40547
    341   1.09463  1.56331  1.64672  1.33479    341 a - - -
          1.38629  1.38629  1.38629  1.38629
          0.00004 10.84334 10.84334  1.46634  0.26236  1.09861  0.40547
    342   1.07259  1.61043  1.63623  1.33421    342 a - - -
          1.38629  1.38629  1.38629  1.38629
          0.00004 10.84334 10.84334  1.46634  0.26236  1.09861  0.40547
    343   1.09093  1.63060  1.62330  1.30550    343 a - - -
          1.38629  1.38629  1.38629  1.38629
          0.00004 10.84334 10.84334  1.46634  0.26236  1.09861  0.40547
    344   1.16181  1.52374  1.57778  1.33653    344 a - - -
          1.38629  1.38629  1.38629  1.38629
          0.00004 10.84334 10.84334  1.46634  0.26236  1.09861  0.40547
    345   1.07452  1.61705  1.63413  1.32829    345 a - - -
          1.38629  1.38629  1.38629  1.38629
          0.00004 10.84334 10.84334  1.46634  0.26236  1.09861  0.40547
    346   1.11607  1.62644  1.57795  1.31152    346 a - - -
          1.38629  1.38629  1.38629  1.38629
          0.00004 10.84334 10.84334  1.46634  0.26236  1.09861  0.40547
    347   1.10960  1.58744  1.56710  1.35786    347 a - - -
          1.38629  1.38629  1.38629  1.38629
          0.00004 10.84334 10.84334  1.46634  0.26236  1.09861  0.40547
    348   1.14066  1.55950  1.56792  1.34067    348 a - - -
          1.38629  1.38629  1.38629  1.38629
          0.00004 10.84334 10.84334  1.46634  0.26236  1.09861  0.40547
    349   1.11938  1.58159  1.54782  1.36587    349 a - - -
          1.38629  1.38629  1.38629  1.38629
          0.00004 10.84334 10.84334  1.46634  0.26236  1.09861  0.40547
    350   1.11300  1.55324  1.61964  1.33981    350 a - - -
          1.38629  1.38629  1.38629  1.38629
          0.00004 10.84334 10.84334  1.46634  0.26236  1.09861  0.40547
    351   1.15140  1.56433  1.57375  1.31934    351 a - - -
          1.38629  1.38629  1.38629  1.38629
          0.00004 10.84334 10.84334  1.46634  0.26236  1.09861  0.40547
    352   1.12910  1.59002  1.57042  1.32880    352 a - - -
          1.38629  1.38629  1.38629  1.38629
          0.00004 10.84334 10.84334  1.46634  0.26236  1.09861  0.40547
    353   1.10767  1.57233  1.54484  1.39125    353 a - - -
          1.38629  1.38629  1.38629  1.38629
          0.00004 10.84334 10.84334  1.46634  0.26236  1.09861  0.40547
    354   1.08876  1.60768  1.54493  1.38755    354 a - - -
          1.38629  1.38629  1.38629  1.38629
          0.00004 10.84334 10.84334  1.46634  0.26236  1.09861  0.40547
    355   1.09873  1.53282  1.58855  1.40015    355 a - - -
          1.38629  1.38629  1.38629  1.38629
          0.00004 10.84334 10.84334  1.46634  0.26236  1.09861  0.40547
    356   1.09807  1.62282  1.55509  1.35490    356 a - - -
          1.38629  1.38629  1.38629  1.38629
          0.00004 10.84334 10.84334  1.46634  0.26236  1.09861  0.40547
    357   1.08756  1.56724  1.65147  1.33723    357 a - - -
          1.38629  1.38629  1.38629  1.38629
          0.00004 10.84334 10.84334  1.46634  0.26236  1.09861  0.40547
    358   1.07841  1.63479  1.61495  1.32437    358 a - - -
          1.38629  1.38629  1.38629  1.38629
          0.00004 10.84334 10.84334  1.46634  0.26236  1.09861  0.40547
    359   1.09349  1.58193  1.60526  1.35270    359 a - - -
          1.38629  1.38629  1.38629  1.38629
          0.00004 10.84334 10.84334  1.46634  0.26236  1.09861  0.40547
    360   1.12704  1.56771  1.58284  1.33905    360 a - - -
          1.38629  1.38629  1.38629  1.38629
          0.00004 10.84334 10.84334  1.46634  0.26236  1.09861  0.40547
    361   1.07484  1.63967  1.60660  1.33167    361 a - - -
          1.38629  1.38629  1.38629  1.38629
          0.00004 10.84334 10.84334  1.46634  0.26236  1.09861  0.40547
    362   1.14102  1.59565  1.53601  1.33753    362 a - - -
          1.38629  1.38629  1.38629  1.38629
          0.00004 10.84334 10.84334  1.46634  0.26236  1.09861  0.40547
    363   1.13423  1.53385  1.57616  1.36313    363 a - - -
          1.38629  1.38629  1.38629  1.38629
          0.00004 10.84334 10.84334  1.46634  0.26236  1.09861  0.40547
    364   1.13755  1.54706  1.57664  1.34764    364 a - - -
          1.38629  1.38629  1.38629  1.38629
          0.00004 10.84334 10.84334  1.46634  0.26236  1.09861  0.40547
    365   1.13179  1.61500  1.52764  1.34091    365 a - - -
          1.38629  1.38629  1.38629  1.38629
          0.00004 10.84334 10.84334  1.46634  0.26236  1.09861  0.40547
    366   1.12767  1.56125  1.58170  1.34432    366 a - - -
          1.38629  1.38629  1.38629  1.38629
          0.00004 10.84334 10.84334  1.46634  0.26236  1.09861  0.40547
    367   1.13938  1.55586  1.54271  1.36581    367 a - - -
          1.38629  1.38629  1.38629  1.38629
          0.00004 10.84334 10.84334  1.46634  0.26236  1.09861  0.40547
    368   1.13398  1.61313  1.53266  1.33550    368 a - - -
          1.38629  1.38629  1.38629  1.38629
          0.00004 10.84334 10.84334  1.46634  0.26236  1.09861  0.40547
    369   1.09955  1.61912  1.53622  1.37154    369 a - - -
          1.38629  1.38629  1.38629  1.38629
          0.00004 10.84334 10.84334  1.46634  0.26236  1.09861  0.40547
    370   1.11120  1.61144  1.56060  1.34237    370 a - - -
          1.38629  1.38629  1.38629  1.38629
          0.00004 10.84334 10.84334  1.46634  0.26236  1.09861  0.40547
    371   1.13242  1.59828  1.59236  1.30174    371 a - - -
          1.38629  1.38629  1.38629  1.38629
          0.00004 10.84334 10.84334  1.46634  0.26236  1.09861  0.40547
    372   1.14203  1.58714  1.54563  1.33506    372 a - - -
          1.38629  1.38629  1.38629  1.38629
          0.00004 10.84334 10.84334  1.46634  0.26236  1.09861  0.40547
    373   1.12784  1.56300  1.58546  1.33976    373 a - - -
          1.38629  1.38629  1.38629  1.38629
          0.00004 10.84334 10.84334  1.46634  0.26236  1.09861  0.40547
    374   1.10382  1.60172  1.54156  1.37515    374 a - - -
          1.38629  1.38629  1.38629  1.38629
          0.00004 10.84334 10.84334  1.46634  0.26236  1.09861  0.40547
    375   1.09749  1.62305  1.59336  1.32518    375 a - - -
          1.38629  1.38629  1.38629  1.38629
          0.00004 10.84334 10.84334  1.46634  0.26236  1.09861  0.40547
    376   1.14674  1.59563  1.54128  1.32637    376 a - - -
          1.38629  1.38629  1.38629  1.38629
          0.00004 10.84334 10.84334  1.46634  0.26236  1.09861  0.40547
    377   1.11430  1.57081  1.57076  1.36222    377 a - - -
          1.38629  1.38629  1.38629  1.38629
          0.00004 10.84334 10.84334  1.46634  0.26236  1.09861  0.40547
    378   1.13349  1.62914  1.54379  1.31519    378 a - - -
          1.38629  1.38629  1.38629  1.38629
          0.00004 10.84334 10.84334  1.46634  0.26236  1.09861  0.40547
    379   1.13031  1.62045  1.55881  1.31353    379 a - - -
          1.38629  1.38629  1.38629  1.38629
          0.00004 10.84334 10.84334  1.46634  0.26236  1.09861  0.40547
    380   1.10179  1.61835  1.56972  1.34173    380 a - - -
          1.38629  1.38629  1.38629  1.38629
          0.00004 10.84334 10.84334  1.46634  0.26236  1.09861  0.40547
    381   1.10722  1.62139  1.58811  1.31830    381 a - - -
          1.38629  1.38629  1.38629  1.38629
          0.00004 10.84334 10.84334  1.46634  0.26236  1.09861  0.40547
    382   1.15051  1.61532  1.51869  1.32540    382 a - - -
          1.38629  1.38629  1.38629  1.38629
          0.00004 10.84334 10.84334  1.46634  0.26236  1.09861  0.40547
    383   1.15196  1.62818  1.50920  1.32197    383 a - - -
          1.38629  1.38629  1.38629  1.38629
          0.00004 10.84334 10.84334  1.46634  0.26236  1.09861  0.40547
    384   1.12310  1.62295  1.55012  1.32731    384 a - - -
          1.38629  1.38629  1.38629  1.38629
          0.00004 10.84334 10.84334  1.46634  0.26236  1.09861  0.40547
    385   1.12829  1.59903  1.61156  1.29192    385 a - - -
          1.38629  1.38629  1.38629  1.38629
          0.00004 10.84334 10.84334  1.46634  0.26236  1.09861  0.40547
    386   1.13893  1.65087  1.49646  1.33167    386 a - - -
          1.38629  1.38629  1.38629  1.38629
          0.00004 10.84334 10.84334  1.46634  0.26236  1.09861  0.40547
    387   1.13945  1.62082  1.57307  1.29149    387 a - - -
          1.38629  1.38629  1.38629  1.38629
          0.00004 10.84334 10.84334  1.46634  0.26236  1.09861  0.40547
    388   1.15031  1.63536  1.53276  1.29960    388 a - - -
          1.38629  1.38629  1.38629  1.38629
          0.00004 10.84334 10.84334  1.46634  0.26236  1.09861  0.40547
    389   1.09162  1.62811  1.57984  1.33934    389 a - - -
          1.38629  1.38629  1.38629  1.38629
          0.00004 10.84334 10.84334  1.46634  0.26236  1.09861  0.40547
    390   1.14381  1.54441  1.55431  1.36014    390 a - - -
          1.38629  1.38629  1.38629  1.38629
          0.00004 10.84334 10.84334  1.46634  0.26236  1.09861  0.40547
    391   1.12803  1.63463  1.55335  1.31020    391 a - - -
          1.38629  1.38629  1.38629  1.38629
          0.00004 10.84334 10.84334  1.46634  0.26236  1.09861  0.40547
    392   1.13562  1.59379  1.54682  1.33675    392 a - - -
          1.38629  1.38629  1.38629  1.38629
          0.00004 10.84334 10.84334  1.46634  0.26236  1.09861  0.40547
    393   1.11542  1.60342  1.56731  1.33785    393 a - - -
          1.38629  1.38629  1.38629  1.38629
          0.00004 10.84334 10.84334  1.46634  0.26236  1.09861  0.40547
    394   1.12779  1.63932  1.56234  1.30013    394 a - - -
          1.38629  1.38629  1.38629  1.38629
          0.00004 10.84334 10.84334  1.46634  0.26236  1.09861  0.40547
    395   1.10854  1.60799  1.59241  1.32337    395 a - - -
          1.38629  1.38629  1.38629  1.38629
          0.00004 10.84334 10.84334  1.46634  0.26236  1.09861  0.40547
    396   1.11732  1.65911  1.54377  1.31318    396 a - - -
          1.38629  1.38629  1.38629  1.38629
          0.00004 10.84334 10.84334  1.46634  0.26236  1.09861  0.40547
    397   1.15400  1.67118  1.53359  1.26995    397 a - - -
          1.38629  1.38629  1.38629  1.38629
          0.00004 10.84334 10.84334  1.46634  0.26236  1.09861  0.40547
    398   1.12179  1.60909  1.56389  1.32835    398 a - - -
          1.38629  1.38629  1.38629  1.38629
          0.00004 10.84334 10.84334  1.46634  0.26236  1.09861  0.40547
    399   1.14731  1.61973  1.57749  1.27990    399 a - - -
          1.38629  1.38629  1.38629  1.38629
          0.00004 10.84334 10.84334  1.46634  0.26236  1.09861  0.40547
    400   1.13866  1.63228  1.53403  1.31452    400 a - - -
          1.38629  1.38629  1.38629  1.38629
          0.00004 10.84334 10.84334  1.46634  0.26236  1.09861  0.40547
    401   1.14881  1.61777  1.57999  1.27773    401 a - - -
          1.38629  1.38629  1.38629  1.38629
          0.00002 10.84332        *  1.46634  0.26236  0.00000        *
//
